500 32
505.0 439.0 31.0 79.77465057373047
119 9 119 229 37 15 234 96 201 224 186 74 91 24 117 230 234 164 118 238 201 179 48 200 145 248 203 18 111 171 80 160
1256.0 748.0 31.0 324.1595458984375
2 137 60 185 173 205 185 103 142 61 90 1 172 159 52 64 196 59 187 69 210 152 67 245 173 48 154 195 20 12 149 169
511.0 412.0 31.0 286.8681640625
11 34 23 247 102 141 185 119 44 105 87 94 188 24 144 170 166 49 127 13 129 188 35 199 132 223 122 194 78 136 1 185
1170.0 756.0 31.0 356.8094482421875
130 143 38 191 147 131 188 239 28 87 80 215 172 110 58 193 239 11 131 133 182 156 7 255 12 50 218 195 20 4 181 206
743.0 341.0 31.0 248.28738403320312
235 95 111 68 102 18 111 55 97 202 126 230 57 45 151 119 110 228 55 236 225 186 164 237 118 41 228 128 103 176 242 125
1544.0 270.0 31.0 312.42852783203125
39 30 98 155 218 155 186 67 95 68 123 167 105 76 183 64 102 171 139 149 182 172 109 255 118 46 26 130 189 142 105 93
1346.0 531.0 31.0 335.59576416015625
53 96 201 232 76 3 205 222 86 162 240 10 17 137 113 40 121 136 19 157 73 55 84 154 80 13 183 60 245 248 112 168
1065.0 758.0 31.0 97.02323913574219
166 53 118 243 229 172 252 197 235 90 88 49 204 252 63 155 207 91 151 51 242 181 136 243 162 88 14 231 142 247 187 135
1486.0 509.0 31.0 126.87262725830078
60 52 208 113 117 125 240 82 115 163 40 29 15 185 65 154 185 127 209 16 15 244 208 130 79 221 21 51 235 245 74 130
1263.0 506.0 31.0 98.92756652832031
95 52 187 224 116 174 123 83 249 137 95 94 28 219 245 56 182 45 23 29 147 147 176 202 219 221 43 234 142 193 51 161
621.0 438.0 31.0 50.59819030761719
39 233 98 202 92 149 174 96 206 128 209 74 16 216 252 32 248 232 19 211 215 58 62 227 63 12 143 168 93 43 249 132
549.0 420.0 31.0 193.21417236328125
86 74 254 188 42 98 83 138 191 222 158 163 95 238 35 90 227 229 173 227 12 69 175 122 210 167 235 159 180 241 45 83
1254.0 749.0 31.0 327.4182434082031
2 155 46 187 45 197 187 226 143 77 90 7 172 158 54 64 204 51 251 69 214 25 18 245 141 24 138 227 16 14 21 255
1134.0 499.0 31.0 280.7478332519531
66 144 191 236 102 78 185 83 238 121 86 18 156 191 48 98 166 61 63 9 193 189 178 209 213 185 122 134 20 40 37 59
1384.0 307.0 31.0 151.386474609375
66 232 162 88 73 165 137 230 190 31 144 137 160 226 116 4 137 227 75 141 42 75 162 115 153 30 158 186 208 80 39 236
624.0 436.0 31.0 24.467424392700195
162 175 10 168 212 193 174 229 22 0 80 163 44 207 48 64 104 187 19 213 82 26 0 255 60 4 142 169 21 12 176 200
557.0 433.0 31.0 27.5252742767334
150 92 103 157 34 131 175 240 140 162 218 226 125 95 181 239 111 113 63 239 225 133 12 222 128 10 235 128 29 247 33 185
1389.0 383.0 31.0 19.62480354309082
88 130 105 113 58 210 57 16 62 161 135 225 205 7 128 208 70 53 237 144 26 137 237 93 202 231 187 213 166 129 45 49
1467.0 690.0 31.0 131.7034149169922
244 89 190 118 11 205 151 96 236 136 247 42 118 253 33 99 232 241 110 67 72 227 138 40 209 225 98 27 96 123 7 35
569.0 411.0 31.0 261.5735778808594
122 147 121 228 78 80 217 113 1 196 245 174 27 159 238 242 126 189 183 224 73 18 240 193 215 233 171 173 55 170 126 115
372.0 433.0 31.0 305.61480712890625
10 128 35 184 197 228 232 71 149 89 219 19 168 191 56 73 201 43 51 157 26 26 18 209 77 112 218 201 146 76 177 138
582.0 432.0 31.0 71.17021179199219
157 21 239 225 230 54 239 182 20 107 86 182 25 46 150 233 127 223 151 173 189 220 117 142 102 239 250 196 173 249 184 249
344.0 744.0 31.0 296.01043701171875
14 206 0 171 159 177 154 200 14 1 89 167 204 232 123 64 91 73 147 243 22 32 78 247 172 6 139 239 181 127 57 134
1432.0 717.0 31.0 272.7256164550781
42 178 24 147 181 253 208 91 223 45 29 60 174 216 238 140 153 10 134 16 30 124 234 183 143 85 153 251 146 12 222 199
579.0 411.0 31.0 259.31756591796875
51 192 72 233 76 19 72 88 67 120 180 42 11 10 246 244 122 140 54 236 207 54 101 209 150 201 161 244 63 170 122 132
369.0 431.0 31.0 302.47711181640625
154 177 210 241 195 148 56 103 61 9 86 146 45 175 96 196 102 59 147 129 18 152 148 193 151 233 154 195 167 128 161 185
995.0 292.0 31.0 167.86976623535156
165 188 45 89 176 247 159 159 126 127 44 20 145 62 22 57 197 91 81 190 183 220 125 62 111 155 175 244 152 209 195 243
1550.0 264.0 31.0 313.1352844238281
178 201 130 158 149 210 174 231 148 129 218 82 96 226 36 196 88 106 147 193 124 137 2 239 40 6 159 203 22 126 188 140
572.0 414.0 31.0 300.7315368652344
14 144 181 155 79 252 176 128 143 81 85 179 236 222 46 238 166 59 179 83 23 52 154 241 7 113 90 139 30 15 13 215
476.0 418.0 31.0 231.39886474609375
7 22 236 219 226 55 188 219 31 83 93 247 88 110 191 108 127 155 147 164 183 150 63 211 6 14 251 134 189 255 168 213
410.0 419.0 31.0 353.00872802734375
34 167 34 200 213 180 234 239 27 9 121 67 8 234 60 160 221 11 19 189 146 154 10 215 59 28 138 207 25 78 250 134
477.0 433.0 31.0 147.39675903320312
143 128 104 137 207 49 184 203 86 53 209 147 136 200 126 104 251 137 179 181 182 54 95 211 78 93 155 239 157 76 185 134
1160.0 752.0 31.0 344.92657470703125
98 148 114 204 67 208 48 111 139 69 108 163 44 255 38 212 246 185 131 160 86 11 178 213 27 118 18 111 51 6 47 223
1156.0 757.0 31.0 89.15969848632812
50 7 98 160 149 134 78 101 165 132 218 135 75 206 62 144 252 163 151 239 92 131 16 204 177 196 143 138 37 54 242 66
877.0 295.0 31.0 181.37393188476562
173 213 44 91 169 87 157 191 150 127 172 20 209 119 14 115 205 18 217 174 255 73 123 61 235 203 247 117 88 80 206 250
1432.0 720.0 31.0 293.9624938964844
56 164 48 43 223 249 146 79 71 1 237 18 46 217 60 164 123 26 146 17 18 42 90 215 33 84 18 111 247 78 251 166
1496.0 719.0 31.0 187.43482971191406
37 164 56 59 28 165 195 202 86 29 121 16 147 200 58 40 217 11 6 157 26 58 74 55 205 141 178 108 209 3 99 130
1287.0 507.0 31.0 18.94573211669922
3 72 2 157 84 167 170 166 30 10 82 66 228 8 49 204 121 105 51 201 2 188 65 255 132 54 218 192 20 25 49 136
586.0 293.0 31.0 171.66159057617188
37 189 57 89 177 255 31 251 62 115 44 20 145 55 94 57 213 26 17 190 183 152 121 22 111 201 165 116 152 65 194 242
1189.0 499.0 31.0 267.8875427246094
30 40 254 241 55 246 248 2 173 140 178 3 173 14 87 139 166 57 221 145 166 205 1 204 203 219 186 131 165 133 109 75
1164.0 292.0 31.0 200.29263305664062
92 89 251 110 139 124 150 200 229 198 239 135 123 236 63 106 252 243 237 67 140 35 190 32 243 239 69 11 225 255 108 86
823.0 343.0 31.0 289.35357666015625
26 177 122 128 211 221 184 239 43 125 57 187 12 158 110 0 191 155 215 145 150 25 184 213 127 85 15 255 213 6 143 215
1414.0 479.0 31.0 94.83082580566406
230 255 241 208 250 130 15 189 155 164 36 236 64 199 197 215 87 252 53 254 113 78 234 238 62 152 165 254 38 178 134 241
1225.0 368.0 31.0 43.314002990722656
112 159 92 127 170 24 22 183 192 12 248 228 247 98 162 83 198 119 172 98 204 41 195 45 226 225 100 153 116 250 76 11
1499.0 479.0 31.0 145.12686157226562
124 118 208 164 111 61 82 218 11 190 184 111 15 169 75 154 191 197 228 2 13 119 216 128 146 213 101 63 234 123 10 147
1125.0 284.0 31.0 170.9532012939453
66 60 255 182 203 97 181 70 169 150 176 171 44 255 69 155 171 243 231 145 0 107 162 232 89 211 94 43 193 112 39 219
1254.0 754.0 31.0 19.64626121520996
35 207 72 141 82 179 234 102 21 97 124 199 40 14 182 244 94 171 146 140 207 154 68 255 54 13 154 129 127 220 248 220
522.0 439.0 31.0 73.52372741699219
186 157 116 239 29 86 82 112 5 164 158 3 107 31 38 199 232 180 221 224 120 173 81 174 187 249 130 19 51 174 116 78
1192.0 275.0 31.0 263.6173095703125
253 90 63 148 42 30 93 180 241 250 182 255 95 23 131 251 102 244 253 238 233 71 231 200 210 235 247 156 42 181 32 113
1115.0 501.0 31.0 275.4423828125
75 178 210 164 118 152 120 18 43 125 86 239 44 159 198 215 230 157 159 21 130 90 128 197 158 249 186 234 14 132 57 89
437.0 418.0 31.0 323.01873779296875
46 146 232 9 207 49 176 200 78 21 232 167 8 202 126 72 223 73 163 145 150 50 127 209 94 5 155 111 213 7 127 198
854.0 373.0 31.0 45.188323974609375
104 151 111 76 252 226 101 55 228 140 126 32 113 113 176 113 64 54 62 168 240 155 102 13 117 43 226 128 0 224 244 233
570.0 429.0 31.0 143.8643035888672
174 98 252 82 236 57 244 200 195 191 181 186 129 201 215 14 73 248 227 218 0 102 206 176 94 25 213 189 199 251 94 134
1505.0 480.0 31.0 213.6932830810547
40 33 50 104 237 237 149 79 206 9 121 24 150 216 104 40 216 59 83 17 18 35 194 16 69 16 18 123 209 74 231 162
1154.0 752.0 31.0 176.24130249023438
18 15 106 128 246 243 185 67 109 101 94 163 12 44 182 0 47 187 151 145 148 185 36 222 114 5 170 199 229 76 181 103
1177.0 755.0 31.0 259.4093017578125
176 16 121 232 100 79 85 80 69 42 244 26 19 21 37 89 88 152 31 106 40 182 112 138 211 233 160 59 51 153 116 34
707.0 304.0 31.0 137.35647583007812
62 110 227 180 71 114 238 194 49 198 222 163 73 237 247 143 123 237 165 207 8 247 134 232 16 99 207 137 103 245 127 244
954.0 419.0 31.0 313.38348388671875
166 75 246 26 219 185 191 194 223 14 120 231 40 200 183 204 238 235 142 214 166 35 38 251 54 62 0 155 247 221 108 207
408.0 421.0 31.0 33.01677322387695
34 235 104 202 124 137 207 228 74 4 120 139 177 200 117 32 200 234 23 67 194 42 230 61 116 44 172 248 85 155 214 232
1173.0 299.0 31.0 98.02302551269531
43 189 240 66 255 165 154 67 67 169 185 43 56 156 212 176 157 187 215 17 154 58 200 248 63 28 189 250 199 206 90 175
595.0 292.0 31.0 321.4114990234375
83 211 92 139 162 26 60 61 47 91 31 228 236 87 142 244 55 19 189 166 199 129 15 241 134 119 122 150 62 198 137 117
1524.0 467.0 31.0 185.35543823242188
160 47 122 115 116 169 247 115 120 38 124 153 51 137 158 16 58 170 70 12 112 190 0 31 102 157 32 33 71 200 206 128
1172.0 286.0 31.0 187.3509063720703
1 184 126 81 54 203 177 99 126 233 114 55 146 153 166 4 42 44 98 9 0 252 5 92 76 30 113 198 77 40 81 135
1192.0 304.0 31.0 93.28871154785156
45 181 40 163 223 127 181 57 15 125 61 255 219 61 202 36 29 22 222 52 151 48 125 149 239 213 53 247 242 78 212 247
866.0 425.0 31.0 272.6421203613281
190 148 244 85 165 62 253 151 123 95 118 49 10 61 156 187 175 87 181 157 184 252 115 224 15 250 84 198 207 244 248 223
1513.0 312.0 31.0 43.253780364990234
50 189 237 31 218 105 149 239 19 119 248 191 34 60 150 17 75 155 147 129 174 122 127 191 62 22 220 251 245 76 214 222
569.0 420.0 31.0 169.7069854736328
210 89 55 180 138 194 21 166 173 54 130 187 38 190 37 83 230 247 237 67 104 207 2 108 177 162 126 147 48 56 165 123
1150.0 368.0 31.0 122.7242431640625
221 62 146 246 35 182 56 18 185 138 71 116 236 211 225 255 183 125 188 154 161 212 146 202 154 251 122 130 170 225 41 33
1434.0 715.0 31.0 271.16021728515625
142 178 184 147 179 189 48 83 27 253 53 189 174 236 206 140 151 59 134 20 150 124 234 227 142 85 21 243 202 205 143 215
498.0 555.0 31.0 346.90692138671875
19 64 30 153 63 147 152 76 206 85 210 3 204 154 54 107 234 1 59 145 22 175 99 213 144 50 154 219 148 8 57 207
830.0 292.0 31.0 107.06309509277344
33 12 72 159 92 35 200 102 86 163 129 218 131 40 48 1 72 168 74 141 60 191 69 191 156 142 154 113 253 137 216 140
927.0 295.0 31.0 198.95419311523438
72 141 28 189 45 204 85 39 140 11 138 0 183 51 0 99 192 55 125 1 88 137 83 29 193 247 122 80 16 8 148 42
1237.0 507.0 31.0 63.976654052734375
124 9 110 196 108 22 95 48 161 130 215 10 121 127 149 243 96 244 253 234 200 195 183 232 115 235 229 129 39 187 120 32
1173.0 293.0 31.0 165.17901611328125
122 33 83 206 75 132 75 88 35 4 225 142 108 215 41 212 118 185 179 254 10 19 178 221 19 40 1 42 51 134 34 228
991.0 357.0 31.0 359.8886413574219
33 48 47 73 78 159 177 88 70 105 214 3 176 156 150 32 108 12 123 13 134 251 247 17 87 40 51 224 85 12 117 254
717.0 297.0 31.0 109.32601928710938
105 233 210 68 115 157 231 244 106 168 124 40 190 145 196 180 178 104 98 72 65 58 160 97 54 221 36 32 74 146 75 169
767.0 291.0 31.0 158.65591430664062
177 104 59 98 116 157 243 68 233 200 116 8 50 152 119 48 172 169 22 92 206 55 48 60 243 153 0 40 65 154 67 207
475.0 295.0 31.0 330.61883544921875
95 88 231 69 34 62 110 16 165 194 222 230 93 71 149 254 54 245 253 238 201 145 37 200 178 110 234 128 46 247 41 117
626.0 438.0 31.0 37.6006965637207
30 203 2 139 148 144 138 213 22 5 92 194 161 203 49 64 92 170 155 209 90 154 78 191 168 165 138 200 52 26 180 8
1353.0 479.0 31.0 100.28677368164062
11 94 18 157 119 147 186 198 29 11 82 119 44 10 183 204 255 43 147 149 166 156 1 255 38 54 154 131 158 28 57 141
953.0 436.0 31.0 37.06119918823242
19 192 51 144 195 219 52 231 159 119 198 19 12 222 110 104 187 169 155 149 70 189 50 211 51 26 23 103 82 28 165 94
1332.0 386.0 31.0 242.87530517578125
3 159 17 175 148 135 174 255 30 64 88 70 180 120 48 224 254 107 18 105 247 184 88 255 172 180 142 0 29 26 177 185
416.0 440.0 31.0 120.3132553100586
3 152 183 254 45 165 145 119 159 73 217 68 252 255 36 64 204 59 55 5 131 170 98 221 203 222 122 138 152 74 33 251
657.0 291.0 31.0 18.679235458374023
64 185 155 236 240 196 91 57 51 133 104 12 119 247 96 80 214 255 49 64 26 26 154 31 255 165 45 44 48 162 6 59
1413.0 319.0 31.0 50.57571792602539
199 57 229 209 142 107 175 139 94 242 130 218 208 36 213 47 73 212 121 219 153 112 255 224 13 2 207 116 141 121 212 116
1459.0 313.0 31.0 312.7671813964844
72 135 29 237 172 10 78 191 161 56 174 64 215 35 136 211 64 198 108 106 88 8 193 53 224 241 100 84 50 178 200 9
1242.0 750.0 31.0 215.1535186767578
25 92 127 108 54 151 178 115 252 72 123 102 125 252 164 96 190 177 22 33 165 169 52 95 48 46 34 130 125 10 33 157
396.0 630.0 31.0 106.45930480957031
217 209 5 14 29 197 133 189 198 88 146 102 250 84 40 228 144 129 254 241 75 45 123 221 57 67 175 156 91 14 237 123
1160.0 744.0 31.0 299.33544921875
179 55 0 173 206 39 188 123 30 42 80 98 173 248 113 168 255 27 23 177 230 58 71 223 188 70 191 172 157 104 57 137
1136.0 506.0 31.0 86.54391479492188
58 50 229 237 58 22 216 88 11 65 245 199 57 31 156 114 78 25 149 189 139 148 117 201 198 249 170 144 63 132 98 209
1184.0 499.0 31.0 267.1956787109375
82 144 249 237 110 76 249 57 107 53 63 10 223 127 28 82 55 149 125 33 144 48 251 209 215 254 91 206 117 162 69 115
536.0 438.0 31.0 126.0345458984375
10 16 130 186 209 228 184 71 191 13 73 19 172 191 34 204 204 59 147 149 18 154 18 194 143 117 154 203 144 68 173 218
1311.0 744.0 31.0 342.3332214355469
2 207 4 186 61 133 78 175 143 24 216 71 236 195 56 68 193 3 63 193 126 9 75 247 164 54 206 254 20 14 177 11
512.0 293.0 31.0 2.5856685638427734
102 218 234 30 234 68 31 51 161 78 79 173 72 255 166 92 87 253 181 135 208 11 190 226 82 54 220 203 46 231 166 119
1362.0 736.0 31.0 328.650390625
162 96 138 148 109 7 173 79 26 170 80 15 0 137 119 8 217 40 19 189 65 118 210 210 117 31 223 172 29 120 121 154
1093.0 509.0 31.0 87.05891418457031
114 71 117 239 110 75 253 252 141 52 186 171 127 45 61 75 238 149 191 99 64 49 9 221 247 248 234 183 53 218 85 235
86.0 858.0 31.0 132.2727813720703
43 222 122 154 122 155 187 242 95 68 124 167 40 204 182 68 102 171 135 199 230 191 61 255 118 47 26 131 63 143 105 93
596.0 299.0 31.0 319.1850891113281
35 126 201 5 242 163 172 87 170 238 152 237 185 44 215 10 143 237 87 149 197 218 228 72 44 6 190 160 205 244 27 221
523.0 431.0 31.0 98.72622680664062
94 151 182 174 139 84 23 188 141 92 142 133 206 231 43 198 247 211 237 103 220 1 58 237 251 245 15 223 186 119 173 83
352.0 757.0 31.0 342.36322021484375
130 157 62 189 35 196 188 231 173 82 86 183 236 94 38 65 231 51 187 133 242 141 19 221 37 114 218 195 20 4 165 219
412.0 413.0 31.0 267.0521240234375
50 129 104 169 125 73 217 104 79 117 145 11 130 12 94 0 216 129 151 97 30 42 107 213 221 216 138 255 117 10 212 198
1405.0 313.0 31.0 37.98982620239258
25 246 30 105 58 12 119 91 228 11 252 96 191 83 130 19 167 17 196 56 226 43 3 79 231 205 36 140 234 128 235 139
1003.0 291.0 31.0 188.1483154296875
32 193 230 93 36 139 165 39 94 61 114 34 242 57 180 12 8 46 111 9 1 248 65 29 4 26 117 18 76 24 209 171
918.0 427.0 31.0 278.29547119140625
110 182 165 24 205 117 145 26 147 255 149 253 136 124 94 63 205 212 253 51 190 71 254 176 95 83 221 191 79 109 86 247
1505.0 317.0 31.0 122.5215072631836
86 120 161 166 11 96 7 128 131 230 137 138 102 246 65 254 213 245 249 195 13 67 254 168 145 116 205 58 164 119 22 118
1307.0 368.0 31.0 12.01551342010498
74 151 124 65 243 251 178 47 255 111 63 187 78 56 166 84 163 23 206 48 182 185 45 215 62 86 21 247 247 76 205 71
357.0 757.0 31.0 331.4645690917969
130 141 22 159 149 230 184 99 156 1 75 19 172 58 32 64 224 43 19 129 54 152 17 253 173 52 154 67 144 8 249 10
430.0 648.0 31.0 86.87757110595703
2 1 30 171 14 227 169 78 132 17 219 2 212 11 40 74 106 23 59 145 2 153 67 213 197 163 250 193 180 74 48 10
1223.0 365.0 31.0 31.30459213256836
97 140 14 253 48 226 75 35 116 11 206 48 241 115 162 112 81 34 60 136 58 136 97 31 225 175 186 192 16 64 112 43
1132.800048828125 508.8000183105469 37.20000076293945 84.18811798095703
51 0 83 225 84 71 72 96 75 224 178 74 19 155 116 116 248 141 23 249 9 179 80 212 145 216 131 116 61 10 114 130
1191.60009765625 274.8000183105469 37.20000076293945 269.6593322753906
219 88 243 244 107 28 124 150 249 218 182 253 191 191 215 255 231 245 253 142 237 71 242 226 215 251 246 154 46 245 35 127
1002.0000610351562 290.4000244140625 37.20000076293945 209.35601806640625
24 95 86 165 55 155 116 55 101 12 126 230 111 33 131 164 38 118 238 96 132 185 5 237 230 247 116 131 231 156 13 141
360.0 616.800048828125 37.20000076293945 141.25369262695312
118 201 28 207 141 65 206 237 143 52 154 2 228 90 44 66 200 145 127 225 74 15 91 221 185 48 143 223 20 58 180 10
1352.4000244140625 478.8000183105469 37.20000076293945 105.74311065673828
11 94 18 157 119 178 186 230 29 11 90 231 172 170 183 196 255 43 147 149 167 156 5 255 38 118 154 131 159 29 57 157
484.8000183105469 615.6000366210938 37.20000076293945 37.93011474609375
99 194 196 221 14 17 204 254 71 27 214 226 225 43 182 231 75 192 63 201 107 11 71 149 190 126 254 156 191 152 248 13
356.4000244140625 757.2000122070312 37.20000076293945 343.034423828125
130 141 22 185 181 194 188 103 156 17 82 50 236 90 32 193 227 35 187 129 118 156 3 221 172 50 218 195 20 0 189 10
1413.60009765625 478.8000183105469 37.20000076293945 111.75767517089844
34 246 74 197 114 35 59 122 48 232 190 237 81 7 195 16 94 60 21 174 224 211 129 14 106 141 173 164 13 162 58 217
1500.0 478.8000183105469 37.20000076293945 160.2106475830078
245 57 145 176 223 109 17 73 91 244 33 29 143 148 67 31 135 253 196 113 63 118 248 128 153 208 69 127 200 109 15 215
1518.0 340.8000183105469 37.20000076293945 240.24472045898438
121 127 53 102 44 95 215 52 192 170 191 104 114 60 213 163 140 116 108 106 201 99 224 8 243 201 101 50 67 186 70 41
1456.800048828125 528.0 37.20000076293945 185.23291015625
153 248 17 191 23 141 32 222 31 33 64 68 174 145 32 132 178 11 11 76 98 188 25 191 133 222 16 34 114 12 1 42
1395.60009765625 464.4000244140625 37.20000076293945 151.25735473632812
27 28 176 219 17 253 90 74 95 71 108 23 42 206 55 236 205 171 162 148 142 60 58 243 67 93 16 123 146 13 76 222
1504.800048828125 480.0000305175781 37.20000076293945 192.8820037841797
36 40 177 186 125 237 130 74 222 27 185 8 166 249 85 140 137 59 67 19 2 43 74 249 21 22 80 59 208 73 87 171
466.8000183105469 300.0 37.20000076293945 181.57916259765625
42 240 49 74 93 197 217 248 7 73 124 12 62 213 124 52 29 152 19 12 195 42 122 213 77 28 0 110 91 142 38 248
556.800048828125 434.4000244140625 37.20000076293945 75.00111389160156
26 68 103 161 166 107 93 55 53 123 158 179 159 47 146 77 55 151 29 173 248 156 69 158 227 251 254 148 167 220 148 97
1172.4000244140625 298.8000183105469 37.20000076293945 77.8775863647461
35 190 225 65 119 245 251 90 91 239 124 255 8 156 212 52 159 79 23 157 135 62 246 243 14 92 57 238 207 197 83 223
1359.60009765625 277.20001220703125 37.20000076293945 253.5438232421875
124 86 229 103 118 118 123 156 97 238 191 230 91 109 159 182 62 212 221 250 137 132 237 204 118 239 165 132 239 247 118 113
412.8000183105469 420.0000305175781 37.20000076293945 216.13027954101562
23 22 195 133 182 55 138 89 23 234 155 231 73 44 245 236 127 229 189 189 157 241 125 202 152 78 175 150 173 239 16 85
1495.2000732421875 718.800048828125 37.20000076293945 179.345947265625
172 114 49 171 188 233 195 216 86 61 113 116 151 65 217 140 217 8 6 25 170 52 107 22 204 212 179 116 208 155 86 225
1431.60009765625 718.800048828125 37.20000076293945 262.79608154296875
174 250 58 152 109 249 176 220 159 93 116 60 142 217 239 141 155 24 199 17 134 102 234 177 14 81 89 255 214 29 95 199
1543.2000732421875 270.0 37.20000076293945 313.0718688964844
3 12 98 154 86 131 186 99 30 69 91 135 105 206 54 192 126 171 147 149 182 191 12 255 60 46 138 192 157 14 33 221
663.6000366210938 435.6000061035156 37.20000076293945 146.64271545410156
177 143 107 237 246 130 239 247 84 76 126 231 17 167 180 112 126 46 23 236 241 186 100 158 108 44 167 196 61 170 240 241
765.6000366210938 291.6000061035156 37.20000076293945 216.53224182128906
8 150 21 185 50 170 185 111 172 29 90 245 173 7 40 192 167 19 175 128 18 137 3 93 132 166 58 192 24 0 165 187
1360.800048828125 735.6000366210938 37.20000076293945 326.414306640625
34 116 170 133 100 7 173 95 26 174 92 46 148 153 246 0 217 41 19 141 192 186 192 194 116 28 191 172 85 120 241 219
1167.60009765625 753.6000366210938 37.20000076293945 351.3743591308594
2 139 146 159 203 192 190 239 159 7 90 163 172 239 46 68 231 91 163 129 82 24 138 243 44 54 158 203 20 6 165 223
952.800048828125 435.6000061035156 37.20000076293945 34.402862548828125
10 192 51 152 71 211 182 231 159 67 202 3 12 222 110 164 249 59 147 131 70 171 58 241 51 84 31 111 18 30 165 222
883.2000122070312 291.6000061035156 37.20000076293945 295.24322509765625
94 203 98 0 146 250 127 224 109 100 238 163 73 230 238 212 50 237 140 230 20 145 172 240 186 237 131 197 167 247 175 68
85.20000457763672 858.0000610351562 37.20000076293945 134.95925903320312
59 204 98 158 87 147 186 226 159 68 92 135 41 204 182 192 127 171 147 199 230 191 62 255 118 111 138 136 127 143 113 220
1526.4000244140625 336.0 37.20000076293945 190.12176513671875
70 36 209 192 226 249 40 203 42 242 8 200 156 102 201 190 55 25 90 184 35 2 116 82 157 148 15 124 148 240 7 180
1159.2000732421875 752.4000244140625 37.20000076293945 337.99609375
34 148 122 218 83 241 176 106 27 69 125 179 8 223 46 84 255 185 147 144 22 14 50 215 31 61 26 107 215 6 38 215
663.6000366210938 420.0000305175781 37.20000076293945 227.78512573242188
11 219 226 139 246 147 174 212 95 73 90 231 104 222 183 228 126 235 150 213 199 152 45 255 62 28 174 130 159 158 169 221
1003.2000122070312 297.6000061035156 37.20000076293945 142.38043212890625
43 187 80 72 121 145 178 234 235 29 124 236 40 250 166 180 204 155 198 192 150 11 38 245 62 92 163 235 91 6 106 143
1003.2000122070312 302.4000244140625 37.20000076293945 118.25751495361328
42 181 34 162 221 249 180 103 139 69 29 157 172 156 86 132 143 59 211 17 22 43 242 247 47 85 28 251 206 78 223 222
1522.800048828125 465.6000061035156 37.20000076293945 183.99583435058594
40 166 74 113 112 153 112 114 56 3 100 205 179 201 10 144 27 8 195 36 54 184 208 31 70 143 48 105 203 128 74 146
716.4000244140625 297.6000061035156 37.20000076293945 104.67761993408203
9 233 122 68 87 217 243 119 105 68 124 12 43 136 246 180 58 42 130 76 199 186 180 175 118 221 0 43 99 134 111 254
1171.2000732421875 280.8000183105469 37.20000076293945 261.7760925292969
219 122 123 116 114 222 121 118 185 204 86 229 61 159 151 121 38 117 221 201 229 220 180 238 118 251 42 130 46 181 47 127
568.800048828125 420.0000305175781 37.20000076293945 237.43040466308594
67 223 109 1 178 18 190 191 236 249 30 230 212 46 158 99 103 87 60 253 213 217 181 100 46 40 238 196 140 128 137 93
1162.800048828125 753.6000366210938 37.20000076293945 356.6791076660156
74 135 162 140 123 208 186 111 15 5 89 163 172 238 126 196 254 187 147 129 86 26 134 211 62 116 154 175 22 70 181 199
805.2000122070312 291.6000061035156 37.20000076293945 276.88568115234375
90 90 170 46 75 246 30 214 181 206 206 167 108 151 35 252 246 241 191 194 132 135 50 234 211 103 250 139 187 215 45 95
1345.2000732421875 530.4000244140625 37.20000076293945 332.8221130371094
49 100 195 205 84 39 237 79 22 162 216 2 17 137 113 32 121 168 19 140 72 179 148 154 113 140 151 36 181 250 240 168
1405.2000732421875 313.20001220703125 37.20000076293945 44.27078628540039
9 254 92 105 42 190 80 114 109 24 252 101 190 59 0 145 166 161 196 12 174 56 67 117 230 217 96 140 106 192 43 11
1262.4000244140625 753.6000366210938 37.20000076293945 359.0389099121094
10 191 2 155 245 148 190 231 30 13 88 231 172 238 62 196 220 107 147 213 82 154 88 255 46 117 142 203 30 14 185 223
1099.2000732421875 282.0 37.20000076293945 258.0763854980469
171 191 121 101 246 223 255 55 85 204 124 230 185 45 150 32 30 59 23 140 241 184 100 239 110 221 52 128 111 196 212 249
1413.60009765625 318.0 37.20000076293945 55.76493453979492
71 249 233 193 156 75 143 143 106 240 142 138 208 180 213 102 81 84 120 219 219 88 253 112 173 4 143 244 141 122 145 52
1162.800048828125 291.6000061035156 37.20000076293945 172.10997009277344
79 221 177 78 205 44 111 191 127 91 94 76 248 117 156 244 21 214 51 174 211 50 123 243 55 62 84 12 214 247 224 117
511.20001220703125 292.8000183105469 37.20000076293945 313.8872985839844
95 155 226 8 226 18 62 248 175 117 62 231 13 166 238 246 54 197 255 230 214 17 45 241 54 109 43 198 63 231 169 69
1176.0 756.0 37.20000076293945 175.6233673095703
55 207 110 136 159 145 142 239 198 68 200 135 33 200 62 64 88 226 131 245 222 43 94 189 120 0 143 93 61 30 248 220
375.6000061035156 432.0000305175781 37.20000076293945 291.6497802734375
10 162 20 185 109 249 176 2 143 61 113 57 174 136 96 140 139 57 195 17 18 60 66 209 5 213 26 115 210 13 29 131
927.6000366210938 295.20001220703125 37.20000076293945 279.5252380371094
93 6 214 165 130 2 45 43 60 182 10 150 221 34 129 203 55 69 44 172 113 217 133 78 232 167 127 4 172 224 41 8
706.800048828125 303.6000061035156 37.20000076293945 143.063232421875
22 107 226 150 199 50 238 198 49 198 222 131 105 236 119 142 120 239 179 207 140 243 132 234 50 102 207 129 231 247 126 204
474.0000305175781 295.20001220703125 37.20000076293945 307.9018859863281
91 75 66 204 2 18 110 116 37 4 206 198 41 162 183 244 118 237 156 236 204 139 165 201 178 109 138 136 47 182 40 77
568.800048828125 411.6000061035156 37.20000076293945 266.7987365722656
186 114 123 228 86 208 127 85 169 101 117 191 13 143 182 112 110 157 151 227 66 150 180 195 247 249 170 173 39 159 246 241
372.0 433.20001220703125 37.20000076293945 271.485595703125
34 65 96 233 77 101 73 8 71 0 217 10 155 25 85 76 200 137 23 203 10 34 115 209 135 216 138 62 55 159 112 34
1172.4000244140625 292.8000183105469 37.20000076293945 77.5192642211914
39 58 233 89 244 253 162 95 91 79 125 108 2 236 247 188 221 170 130 20 151 50 246 82 6 93 20 46 219 93 218 213
360.0 526.800048828125 37.20000076293945 215.48403930664062
218 195 68 171 30 2 73 93 132 5 211 247 195 3 186 71 74 132 127 237 40 7 71 154 208 225 170 156 63 142 56 8
1262.4000244140625 507.6000061035156 37.20000076293945 73.44309997558594
57 224 234 239 69 24 108 88 81 0 245 10 51 201 124 48 120 200 6 206 74 178 196 129 87 233 144 41 103 154 122 168
1171.2000732421875 285.6000061035156 37.20000076293945 240.1404571533203
3 87 87 94 35 140 52 119 189 74 122 229 172 167 165 133 38 51 206 12 97 185 0 237 38 254 86 130 74 246 129 221
1485.60009765625 705.6000366210938 37.20000076293945 108.71299743652344
32 183 27 172 92 207 180 127 150 238 216 111 183 185 34 0 200 46 107 1 101 251 210 31 245 69 57 184 88 8 158 219
496.8000183105469 586.800048828125 37.20000076293945 12.891523361206055
35 145 93 205 188 7 236 57 77 32 155 70 241 120 184 98 88 166 127 173 153 41 117 221 188 60 175 212 60 170 240 32
1142.4000244140625 498.0000305175781 37.20000076293945 263.64874267578125
54 0 90 224 69 201 121 96 169 160 178 11 58 219 101 16 250 185 247 208 8 178 208 208 223 153 131 107 37 10 86 138
384.0 505.20001220703125 37.20000076293945 236.19940185546875
114 80 52 169 45 71 152 236 13 106 146 39 238 30 53 207 207 149 255 241 141 7 81 220 149 178 218 158 28 29 61 31
1431.60009765625 714.0 37.20000076293945 256.592529296875
142 184 248 211 51 249 57 194 31 245 21 187 142 142 78 40 167 59 147 17 150 252 255 242 79 85 25 119 198 141 5 214
1191.60009765625 303.6000061035156 37.20000076293945 86.84842681884766
61 181 101 193 180 63 243 249 15 249 189 255 222 61 202 36 191 148 223 54 158 49 109 148 223 93 33 246 215 239 214 247
595.2000122070312 290.4000244140625 37.20000076293945 314.4478454589844
79 131 230 4 226 26 62 185 239 117 123 231 73 74 190 214 54 133 255 238 212 17 45 209 86 125 42 196 39 135 169 69
934.800048828125 285.6000061035156 37.20000076293945 305.6685485839844
186 49 110 140 79 81 158 104 129 198 213 171 107 204 55 135 120 252 243 227 108 103 190 136 19 97 201 59 119 47 126 214
571.2000122070312 415.20001220703125 37.20000076293945 247.52001953125
63 23 111 193 214 114 109 119 117 201 126 242 25 45 183 125 126 154 23 172 185 184 37 204 114 73 228 128 167 248 244 241
657.6000366210938 294.0 37.20000076293945 6.483801364898682
72 212 145 226 117 204 97 190 39 9 106 8 246 243 72 80 145 155 59 24 3 24 219 115 221 156 21 72 184 2 0 42
554.4000244140625 429.6000061035156 37.20000076293945 76.42337799072266
9 218 188 181 38 236 189 183 222 127 30 181 189 124 210 74 167 71 181 5 135 248 47 161 236 255 127 192 206 220 141 91
1503.60009765625 318.0 37.20000076293945 27.444896697998047
205 25 150 174 139 52 19 24 192 212 135 4 252 242 107 223 68 229 232 110 141 67 187 160 209 225 74 26 154 119 41 101
1459.2000732421875 313.20001220703125 37.20000076293945 298.7292175292969
124 132 92 225 180 42 67 63 53 39 175 144 211 35 136 80 83 134 108 56 56 188 77 30 238 231 53 85 162 202 200 32
1003.2000122070312 284.4000244140625 37.20000076293945 244.78433227539062
217 123 111 205 50 150 111 49 224 200 214 230 57 71 145 115 102 252 61 238 201 156 165 111 246 41 174 128 47 179 113 121
1550.4000244140625 852.0000610351562 37.20000076293945 40.98503494262695
63 78 98 154 87 179 186 70 95 71 126 183 105 204 183 196 127 171 151 215 166 190 37 255 54 111 186 129 255 159 105 213
1114.800048828125 500.4000244140625 37.20000076293945 263.8603820800781
123 98 122 224 118 208 121 83 169 76 126 230 25 143 246 80 102 141 23 156 133 154 164 196 86 233 170 225 47 128 122 217
994.800048828125 295.20001220703125 37.20000076293945 173.25665283203125
79 221 177 76 201 44 79 191 79 91 76 76 220 125 28 228 21 214 51 47 211 58 123 243 47 126 85 78 218 254 128 116
621.6000366210938 438.0000305175781 37.20000076293945 34.76970291137695
162 237 98 186 84 133 174 228 86 68 80 14 32 200 51 0 216 106 19 215 194 58 84 191 61 20 142 232 21 31 113 200
1407.60009765625 474.0000305175781 37.20000076293945 120.38558959960938
211 150 99 77 50 30 145 53 124 104 255 244 115 28 142 116 254 20 60 44 221 181 37 143 146 253 34 210 75 134 97 117
585.6000366210938 292.8000183105469 37.20000076293945 199.34259033203125
58 223 125 104 171 91 149 239 143 54 184 169 111 62 47 91 167 211 253 99 72 1 43 157 243 199 127 183 53 118 151 107
763.2000122070312 295.20001220703125 37.20000076293945 245.55056762695312
88 91 150 244 35 138 53 54 172 141 202 100 174 179 32 198 162 119 236 64 64 153 131 232 208 246 126 3 138 48 165 59
416.4000244140625 439.20001220703125 37.20000076293945 117.26123046875
131 144 185 251 61 165 145 25 159 25 81 18 252 255 44 105 212 59 55 1 179 102 90 211 135 249 58 138 144 10 161 163
638.4000244140625 295.20001220703125 37.20000076293945 152.33082580566406
40 236 5 217 93 207 66 246 151 168 180 74 179 17 1 181 72 176 94 104 105 174 80 189 175 218 149 52 115 184 90 40
991.2000122070312 357.6000061035156 37.20000076293945 2.4038147926330566
32 32 111 73 110 139 161 64 70 41 83 34 145 153 212 32 72 60 119 9 130 178 199 16 69 41 32 192 117 8 80 163
499.20001220703125 571.2000122070312 37.20000076293945 356.55426025390625
119 76 76 202 14 3 203 216 199 50 146 66 210 73 189 106 105 192 127 235 200 39 75 248 144 170 171 156 53 187 112 40
1549.2000732421875 264.0 37.20000076293945 312.8459777832031
18 143 2 158 151 210 174 231 86 1 218 2 96 234 38 196 217 234 147 193 126 138 74 255 56 4 142 203 20 30 188 142
1149.60009765625 368.4000244140625 37.20000076293945 133.8089599609375
95 52 210 208 243 178 58 18 185 135 239 180 12 242 102 252 247 255 152 144 180 215 176 202 154 255 30 67 138 229 169 7
1224.0 368.4000244140625 37.20000076293945 81.44174194335938
253 122 143 149 40 118 53 214 176 254 182 245 56 6 135 255 110 228 236 78 237 213 165 232 144 51 231 146 138 253 46 253
370.8000183105469 514.800048828125 37.20000076293945 228.54554748535156
75 192 77 233 44 64 201 127 4 17 214 66 145 11 176 98 74 148 127 168 75 7 115 213 213 175 190 148 53 152 112 40
1495.2000732421875 715.2000122070312 37.20000076293945 150.4792938232422
116 119 249 70 254 75 87 236 105 226 185 235 66 108 77 18 187 196 68 98 108 51 204 10 126 140 69 62 229 251 70 150
429.6000061035156 648.0 37.20000076293945 85.05870056152344
192 129 29 169 14 65 9 9 6 21 215 18 212 3 40 74 74 151 43 152 26 3 99 209 212 160 138 29 180 136 52 96
351.6000061035156 602.4000244140625 37.20000076293945 155.72291564941406
86 140 132 159 29 67 136 168 158 58 147 66 228 122 56 199 201 133 127 129 40 79 75 223 157 54 219 151 148 44 53 12
345.6000061035156 571.2000122070312 37.20000076293945 184.3478546142578
6 20 189 249 189 239 187 10 142 59 218 19 156 62 52 107 207 19 127 145 62 168 115 246 141 247 154 215 148 73 21 195
764.6400146484375 290.8800048828125 44.6400032043457 296.6661071777344
94 65 226 4 131 114 127 135 225 198 206 135 73 174 55 254 114 197 249 229 220 129 181 192 114 111 207 133 167 246 173 86
1098.7200927734375 282.2400207519531 44.6400032043457 282.98309326171875
187 89 62 214 103 215 159 117 153 206 182 47 108 221 39 39 174 243 215 227 236 231 50 238 115 91 76 147 79 60 175 127
1262.8800048828125 753.1200561523438 44.6400032043457 0.07911685854196548
10 191 2 155 183 148 190 239 31 13 92 167 236 234 190 196 223 43 147 181 118 152 8 255 46 84 142 203 30 14 185 223
1245.60009765625 506.8800048828125 44.6400032043457 36.27666473388672
53 105 235 74 84 197 71 212 69 200 220 10 50 213 245 32 88 248 23 90 203 178 124 42 115 12 164 40 113 187 116 104
1458.7200927734375 313.9200134277344 44.6400032043457 276.5274963378906
180 32 159 65 128 123 97 16 118 177 103 18 83 17 193 254 121 156 42 24 27 244 235 0 15 138 49 68 163 233 100 32
496.8000183105469 586.0800170898438 44.6400032043457 10.58770751953125
249 133 97 205 220 143 78 127 79 160 218 78 211 58 176 96 120 166 63 237 217 59 85 221 188 233 175 84 60 138 240 32
86.4000015258789 856.800048828125 44.6400032043457 134.01956176757812
11 12 106 158 87 179 186 98 158 70 94 135 41 206 55 64 127 171 147 135 166 158 38 255 118 111 154 129 55 221 49 222
953.280029296875 419.0400085449219 44.6400032043457 320.7833557128906
35 31 106 157 246 147 191 119 28 206 92 231 40 236 182 68 126 171 151 149 244 186 54 238 62 63 190 130 93 204 189 221
1522.080078125 465.1200256347656 44.6400032043457 195.0187225341797
9 38 10 41 112 187 104 99 61 73 112 245 15 10 146 144 162 9 196 5 55 152 0 31 134 221 48 197 104 132 107 157
1172.1600341796875 285.1200256347656 44.6400032043457 249.93728637695312
3 147 223 158 98 80 61 125 173 79 117 231 124 246 174 119 54 51 151 172 193 153 38 77 52 42 126 138 57 182 165 253
1412.6400146484375 472.32000732421875 44.6400032043457 113.61984252929688
17 23 202 139 240 42 117 119 108 75 127 247 80 35 154 80 127 142 6 173 145 152 13 66 102 47 178 196 173 210 250 217
663.8400268554688 420.4800109863281 44.6400032043457 222.54957580566406
11 222 98 158 119 149 170 244 95 76 88 231 40 206 182 228 126 233 151 215 199 155 44 255 62 92 142 194 63 158 57 221
792.0000610351562 290.8800048828125 44.6400032043457 233.2559051513672
29 27 133 169 178 35 43 154 6 248 90 231 149 39 129 74 102 69 61 253 135 144 69 28 204 199 171 196 188 241 1 81
1543.6800537109375 270.7200012207031 44.6400032043457 316.62396240234375
3 12 98 155 214 147 186 99 30 65 89 135 105 204 54 192 126 171 19 157 182 191 44 255 52 46 138 192 157 142 249 220
1412.6400146484375 478.08001708984375 44.6400032043457 127.13090515136719
187 63 101 165 52 14 125 55 49 232 210 247 55 61 144 49 166 190 93 111 253 216 97 142 166 235 224 128 46 157 210 249
466.5600280761719 299.52001953125 44.6400032043457 191.26712036132812
34 49 113 201 123 235 17 73 15 72 125 42 60 21 160 36 90 26 23 40 3 58 96 223 69 28 32 174 118 138 6 251
1183.6800537109375 275.0400085449219 44.6400032043457 265.96649169921875
63 59 116 225 246 187 250 218 95 253 189 175 11 29 215 188 191 155 151 125 158 250 109 220 222 223 33 247 247 207 90 213
498.2400207519531 570.2400512695312 44.6400032043457 355.70318603515625
255 78 229 236 78 35 79 218 207 226 218 78 115 74 181 118 123 228 63 235 233 55 101 250 180 236 175 188 61 251 112 96
813.6000366210938 303.84002685546875 44.6400032043457 67.73696899414062
11 151 109 95 242 18 125 59 125 75 95 230 121 103 190 117 118 18 23 172 241 152 45 93 102 47 242 128 63 224 225 249
1395.360107421875 463.6800231933594 44.6400032043457 133.7760009765625
171 240 40 122 105 253 249 221 71 127 237 29 154 220 126 44 221 26 147 4 207 54 122 145 199 217 209 127 82 94 206 254
1172.1600341796875 280.8000183105469 44.6400032043457 258.8072509765625
203 86 123 254 102 212 125 85 113 78 86 231 125 223 191 112 54 187 183 205 227 150 182 239 118 107 186 136 47 212 167 249
1192.320068359375 303.84002685546875 44.6400032043457 90.65894317626953
239 181 117 225 253 191 251 113 143 249 191 251 206 61 222 167 175 149 223 55 180 113 121 212 223 89 1 246 215 175 209 247
1517.760009765625 339.84002685546875 44.6400032043457 248.68310546875
249 115 183 100 15 29 213 116 193 174 182 76 122 213 77 159 140 244 236 106 200 227 178 136 179 217 69 50 99 123 70 105
1524.9600830078125 335.52001953125 44.6400032043457 201.28140258789062
128 32 73 65 194 235 41 27 62 177 78 208 145 135 209 120 35 24 50 184 19 216 247 80 13 136 179 228 172 192 71 184
1172.1600341796875 298.08001708984375 44.6400032043457 95.73961639404297
170 181 62 65 245 255 187 115 218 109 125 63 44 220 22 165 142 59 215 113 183 249 48 221 111 89 43 243 207 15 159 215
483.84002685546875 614.8800048828125 44.6400032043457 38.10830307006836
99 195 192 223 124 153 236 190 79 57 222 234 163 8 182 100 78 198 63 205 206 56 199 245 54 56 254 136 54 218 216 13
830.8800048828125 290.8800048828125 44.6400032043457 246.36517333984375
93 115 173 161 162 34 47 158 62 255 31 230 221 103 219 106 55 69 61 255 147 208 237 0 236 167 239 212 172 241 133 113
1504.800048828125 479.52001953125 44.6400032043457 184.69752502441406
48 250 152 250 124 233 147 206 75 53 56 40 166 152 69 8 139 91 195 81 2 62 90 51 157 148 24 59 212 91 95 139
1002.2400512695312 298.08001708984375 44.6400032043457 133.6304931640625
42 171 112 8 122 153 186 239 235 85 124 239 168 140 198 148 207 9 198 149 134 42 102 215 62 85 38 239 87 132 111 205
1499.0400390625 479.52001953125 44.6400032043457 172.08836364746094
20 240 185 145 139 205 145 79 94 251 33 25 150 150 76 56 179 25 74 17 19 84 216 64 221 22 29 126 208 8 135 118
594.7200317382812 289.44000244140625 44.6400032043457 286.7920837402344
94 95 98 64 147 244 127 67 53 196 206 167 104 255 55 212 124 187 149 245 140 147 52 238 51 101 142 139 167 119 124 86
715.6800537109375 298.08001708984375 44.6400032043457 110.78799438476562
24 185 114 68 83 217 243 103 109 68 108 167 43 204 38 180 58 171 134 224 198 185 52 207 115 77 0 11 103 134 111 222
1343.52001953125 529.9200439453125 44.6400032043457 326.74603271484375
51 33 195 199 84 3 238 69 22 161 217 2 17 168 124 32 120 142 19 137 72 179 132 130 53 12 142 160 229 74 240 168
756.0 342.7200012207031 44.6400032043457 300.3336486816406
130 243 46 178 249 197 188 245 143 125 20 143 172 142 126 5 175 155 211 245 246 27 26 245 63 80 159 239 29 20 175 223
1339.2000732421875 308.1600036621094 44.6400032043457 129.6922149658203
109 59 251 102 244 109 115 24 96 200 127 76 211 221 217 48 28 252 85 126 155 176 208 42 199 237 32 152 232 171 66 241
1493.280029296875 718.56005859375 44.6400032043457 178.35354614257812
165 98 9 75 180 175 66 152 23 105 149 248 215 69 201 172 21 24 78 60 171 180 105 22 143 151 33 116 240 155 80 49
496.8000183105469 554.4000244140625 44.6400032043457 349.3619384765625
66 67 160 139 236 169 252 197 15 61 219 43 172 170 122 72 238 131 63 209 10 18 75 208 180 16 142 139 148 94 149 79
953.280029296875 434.8800048828125 44.6400032043457 18.292236328125
10 185 50 186 205 213 182 231 143 69 76 11 172 255 102 164 201 59 147 21 86 10 58 247 239 93 30 107 18 14 173 218
1172.1600341796875 293.760009765625 44.6400032043457 106.43516540527344
174 181 102 89 211 219 177 237 253 85 116 151 8 28 62 181 235 27 131 113 246 187 52 221 47 25 4 71 119 12 238 223
884.1600341796875 290.8800048828125 44.6400032043457 290.2601318359375
94 93 98 0 147 242 127 199 37 196 238 135 105 238 55 212 114 187 141 241 156 147 52 206 59 101 143 203 167 246 108 94
352.8000183105469 540.0 44.6400032043457 202.88816833496094
230 7 32 169 221 109 255 79 13 36 210 155 130 141 118 73 232 150 255 247 56 63 241 246 253 112 138 247 20 13 148 114
1192.320068359375 275.0400085449219 44.6400032043457 271.51666259765625
75 80 242 246 101 28 124 22 249 202 246 237 255 191 215 254 247 245 253 142 205 87 242 224 215 255 214 138 46 244 107 127
804.9600219726562 290.8800048828125 44.6400032043457 262.09356689453125
11 83 251 94 98 212 63 213 190 79 85 228 124 247 186 124 86 123 183 142 195 2 62 243 102 63 126 136 22 246 173 249
707.0400390625 302.4000244140625 44.6400032043457 134.44004821777344
114 109 162 156 205 112 236 231 129 197 220 131 40 236 55 134 120 238 179 197 12 251 166 233 51 52 206 11 167 124 254 222
1432.800048828125 718.56005859375 44.6400032043457 253.43994140625
174 243 248 90 239 217 181 205 203 214 53 185 142 205 207 15 142 121 199 83 198 103 190 208 71 81 85 63 215 252 151 215
1503.360107421875 316.8000183105469 44.6400032043457 11.666260719299316
125 111 144 174 57 116 75 136 233 206 172 12 239 230 163 255 192 228 204 110 41 3 232 234 179 245 1 25 194 247 110 125
663.8400268554688 434.8800048828125 44.6400032043457 154.67782592773438
177 159 107 229 118 130 239 119 84 72 126 246 49 39 176 97 126 174 23 172 249 184 36 143 100 175 166 192 61 136 240 249
764.6400146484375 295.20001220703125 44.6400032043457 0.9771540760993958
111 28 225 4 227 106 191 179 11 246 30 175 92 189 215 126 55 253 181 31 145 82 188 194 95 126 205 182 175 255 22 119
1516.320068359375 463.6800231933594 44.6400032043457 190.052490234375
123 165 128 165 23 158 26 3 98 225 138 207 187 216 94 176 208 239 252 181 223 218 212 142 190 109 143 179 44 46 27 28
637.9200439453125 295.20001220703125 44.6400032043457 163.6945343017578
40 26 19 212 77 223 96 114 221 170 98 72 34 177 37 245 192 40 130 74 33 188 16 191 23 150 81 51 26 41 90 172
705.6000366210938 344.1600036621094 44.6400032043457 234.8309326171875
179 255 104 73 118 153 250 254 91 100 116 239 57 12 214 161 62 153 151 213 231 62 100 255 62 73 172 238 127 156 218 221
429.1200256347656 646.5599975585938 44.6400032043457 86.02018737792969
202 141 64 169 222 233 235 131 15 53 222 146 141 15 114 77 107 134 63 217 26 62 229 242 212 176 154 205 54 139 149 96
927.3600463867188 295.20001220703125 44.6400032043457 301.85565185546875
91 143 208 133 34 26 108 55 45 161 14 230 237 34 194 230 54 103 252 140 212 152 165 202 174 253 239 128 174 230 9 13
655.2000122070312 286.55999755859375 44.6400032043457 299.7080383300781
62 61 42 202 221 213 146 104 131 76 156 11 42 220 127 4 216 186 211 209 30 43 114 189 123 85 137 123 211 15 126 214
397.44000244140625 643.6800537109375 44.6400032043457 109.32740020751953
98 73 73 137 204 105 253 134 13 116 222 131 160 14 51 73 104 198 255 193 8 57 99 240 247 49 218 177 52 27 116 90
511.20001220703125 292.32000732421875 44.6400032043457 293.96356201171875
94 9 98 0 147 82 126 199 37 196 206 135 9 174 119 212 114 169 147 244 140 155 52 206 186 109 143 205 167 246 108 94
432.0000305175781 312.4800109863281 44.6400032043457 84.30683898925781
63 61 243 225 245 251 250 82 63 233 191 170 27 61 215 188 191 251 215 28 154 186 125 234 223 221 33 243 231 207 86 245
1002.2400512695312 289.44000244140625 44.6400032043457 221.49710083007812
19 27 86 13 51 154 126 119 173 200 126 231 46 46 166 244 38 167 238 196 197 185 5 237 178 126 96 131 111 132 41 29
398.8800048828125 498.2400207519531 44.6400032043457 250.7792205810547
234 1 164 207 253 121 250 76 79 53 223 10 238 92 63 236 250 150 191 113 14 51 105 209 183 113 138 159 150 95 253 70
555.8400268554688 437.760009765625 44.6400032043457 80.69010162353516
210 70 71 160 166 43 109 55 61 162 154 246 31 47 176 73 110 151 95 172 248 165 5 206 244 206 250 144 175 216 241 17
360.0 616.3200073242188 44.6400032043457 139.44927978515625
242 213 0 140 77 205 79 109 207 46 218 10 102 218 44 64 216 149 63 227 88 23 209 221 181 48 143 191 20 42 244 2
804.9600219726562 305.2799987792969 44.6400032043457 110.58059692382812
186 209 119 202 79 221 189 253 141 124 148 47 108 220 46 167 174 145 247 99 198 47 58 213 51 89 76 255 87 30 159 247
1406.8800048828125 472.32000732421875 44.6400032043457 132.906494140625
91 215 107 75 178 254 191 149 124 73 127 247 88 159 174 112 118 54 189 164 211 177 53 215 103 173 50 196 79 150 229 123
1431.360107421875 714.2400512695312 44.6400032043457 248.43699645996094
142 248 249 211 195 221 185 196 63 253 53 155 140 158 79 45 175 219 215 211 134 84 255 240 95 81 29 227 199 29 135 247
555.8400268554688 429.1200256347656 44.6400032043457 86.52452087402344
95 26 180 190 47 220 25 154 155 221 22 165 255 253 227 79 135 115 189 21 134 72 170 181 202 243 125 219 182 140 5 123
413.280029296875 646.5599975585938 44.6400032043457 98.06636810302734
193 82 69 203 236 13 109 149 77 58 210 78 145 9 249 111 109 150 63 203 219 62 79 240 148 184 250 196 30 155 240 57
884.1600341796875 299.52001953125 44.6400032043457 33.01139831542969
50 19 234 69 226 59 184 111 9 173 60 239 12 44 190 0 190 23 247 37 148 59 4 192 26 94 120 215 221 76 139 159
594.7200317382812 303.84002685546875 44.6400032043457 68.28466796875
11 254 233 81 118 253 185 214 90 111 92 254 153 157 210 32 47 42 19 157 131 188 180 243 70 13 186 224 111 144 83 249
640.800048828125 290.8800048828125 44.6400032043457 221.490234375
26 91 23 169 163 170 172 23 44 9 90 229 173 7 161 196 38 19 175 133 3 152 1 229 164 245 58 128 170 212 169 153
570.2400512695312 419.0400085449219 44.6400032043457 251.6591339111328
203 219 109 87 46 208 251 180 172 240 22 230 249 110 222 99 38 119 61 206 193 88 111 245 110 107 239 192 47 135 85 125
483.84002685546875 525.6000366210938 44.6400032043457 323.96563720703125
66 129 4 139 237 9 172 109 12 49 219 18 132 10 124 65 232 133 63 227 88 30 201 209 180 48 218 238 20 10 145 4
1360.800048828125 734.4000244140625 44.6400032043457 321.80078125
34 55 163 141 116 103 175 127 30 229 93 6 156 252 250 32 254 43 19 141 209 178 48 202 53 20 142 170 133 106 181 249
1195.2000732421875 508.32000732421875 44.6400032043457 111.53437042236328
193 58 31 249 100 172 169 22 220 25 82 116 180 147 160 75 230 41 62 29 179 220 147 69 132 186 122 192 24 136 1 185
383.0400085449219 637.9200439453125 44.6400032043457 121.50194549560547
239 1 65 201 205 61 104 94 23 49 210 70 137 131 241 204 120 142 63 220 152 19 69 240 148 248 154 252 191 221 240 132
492.4800109863281 540.0 44.6400032043457 337.2088623046875
66 64 3 139 172 45 228 198 204 58 219 66 150 136 57 73 201 198 63 75 64 53 73 240 181 48 218 144 20 91 145 40
1512.0001220703125 312.7680358886719 53.5680046081543 149.72991943359375
69 2 220 21 130 46 165 27 254 55 43 21 213 34 75 26 51 135 106 46 16 112 63 64 197 46 115 4 193 113 129 96
1102.464111328125 368.06402587890625 53.5680046081543 93.55699920654297
203 94 239 222 109 116 253 222 233 94 246 39 120 62 183 127 230 198 255 78 229 103 183 235 87 123 242 138 11 245 127 127
1149.1201171875 368.06402587890625 53.5680046081543 100.09716796875
79 148 225 92 73 116 253 158 235 95 252 181 136 255 239 126 221 223 191 132 142 102 246 195 71 127 210 143 211 117 102 247
361.15203857421875 525.3120727539062 53.5680046081543 219.22174072265625
95 143 67 131 230 57 236 243 45 114 95 239 15 169 178 204 103 142 63 143 213 184 141 192 182 40 238 132 62 254 249 212
1052.35205078125 283.39202880859375 53.5680046081543 251.32781982421875
13 149 109 89 246 83 237 189 102 89 117 246 217 111 190 97 127 18 151 174 211 184 47 213 110 75 231 196 255 134 253 241
639.3600463867188 288.5760192871094 53.5680046081543 242.75784301757812
67 91 111 221 34 144 109 182 173 72 86 228 188 38 183 116 38 35 127 204 209 152 39 237 166 58 250 192 174 180 33 125
1171.5841064453125 283.39202880859375 53.5680046081543 239.3468780517578
3 147 111 76 106 16 171 120 173 73 125 230 88 102 190 116 126 129 55 239 211 11 63 69 20 60 234 204 29 162 161 245
1517.1842041015625 340.4160461425781 53.5680046081543 218.33546447753906
121 220 112 101 23 63 71 63 81 230 62 78 123 57 150 181 26 230 212 44 237 248 117 143 226 239 37 16 111 236 90 109
1171.5841064453125 293.7600402832031 53.5680046081543 122.71908569335938
58 206 100 25 107 211 188 111 237 118 116 179 45 12 182 149 111 177 131 129 102 191 38 221 22 83 90 7 119 132 111 222
1192.320068359375 302.4000244140625 53.5680046081543 93.02105712890625
231 189 119 208 245 191 251 115 175 248 183 59 142 253 246 47 175 53 255 55 180 121 40 212 159 90 101 246 198 173 209 247
1522.3681640625 464.83203125 53.5680046081543 307.49407958984375
215 251 234 151 34 16 175 212 56 78 87 247 237 198 158 94 54 77 53 207 197 212 173 99 164 32 254 130 45 183 171 213
1499.9041748046875 478.6560363769531 53.5680046081543 208.90902709960938
148 137 60 59 154 137 49 41 190 52 99 153 247 199 40 81 167 59 43 18 114 88 11 53 205 192 1 97 112 10 133 66
1505.088134765625 478.6560363769531 53.5680046081543 210.20184326171875
4 179 30 40 250 137 178 105 142 149 113 189 197 206 106 3 150 57 202 114 54 97 10 28 238 129 33 127 208 43 141 211
715.39208984375 297.2160339355469 53.5680046081543 107.48746490478516
186 54 98 72 83 210 251 119 117 68 124 167 43 157 54 180 126 185 151 161 238 187 52 223 51 109 130 75 119 132 110 222
1171.5841064453125 297.2160339355469 53.5680046081543 108.2976303100586
186 245 63 216 143 223 181 231 157 92 212 55 12 220 46 5 175 49 215 113 246 237 50 215 59 83 94 215 83 12 175 215
1503.360107421875 317.9520263671875 53.5680046081543 332.4867858886719
241 133 92 65 194 111 101 191 116 113 175 22 83 39 138 117 113 6 106 188 121 184 121 21 111 138 69 68 123 202 224 112
397.4400329589844 642.8160400390625 53.5680046081543 108.02978515625
114 64 107 166 70 73 254 196 12 115 90 203 53 142 121 80 104 218 63 67 64 59 168 240 245 161 190 169 181 90 117 202
1245.8880615234375 506.3040466308594 53.5680046081543 301.62200927734375
222 121 184 154 203 85 150 204 203 254 148 143 40 220 119 75 205 243 235 215 70 67 254 240 123 81 207 191 19 125 45 222
1344.3841552734375 528.76806640625 53.5680046081543 321.9055480957031
48 33 131 204 212 131 134 65 86 169 217 66 0 232 176 0 88 42 2 169 26 187 0 142 48 4 175 32 5 10 240 128
813.8880615234375 304.1280212402344 53.5680046081543 79.47773742675781
43 155 237 127 110 82 253 61 81 93 119 246 121 47 150 115 70 119 183 174 241 216 103 173 102 235 242 128 63 228 228 241
1413.504150390625 319.6800231933594 53.5680046081543 43.92431640625
83 125 179 132 157 214 132 103 91 224 138 72 182 176 213 166 192 255 120 17 201 219 245 170 185 20 143 58 136 108 147 60
594.4320678710938 290.30401611328125 53.5680046081543 276.4507141113281
58 22 234 124 115 212 123 90 181 207 116 167 57 255 167 244 252 187 151 176 175 154 48 207 123 239 190 139 179 228 108 255
708.4800415039062 302.4000244140625 53.5680046081543 114.01448059082031
98 185 170 140 89 212 154 111 131 77 220 15 40 254 38 84 220 187 211 129 222 11 242 213 123 116 138 251 19 6 190 223
870.912109375 373.248046875 53.5680046081543 86.82357788085938
125 214 237 123 96 116 85 153 115 95 245 245 91 126 159 121 255 216 149 166 175 70 255 213 86 107 242 238 255 247 230 247
1432.5120849609375 718.8480834960938 53.5680046081543 242.3256072998047
46 189 117 212 207 93 189 239 203 254 60 175 174 252 95 167 175 243 215 99 213 106 254 241 127 89 77 191 87 255 135 247
625.5360717773438 373.248046875 53.5680046081543 92.60163116455078
111 214 237 94 107 116 53 184 97 94 181 53 216 126 143 127 213 213 255 166 141 70 255 209 87 123 242 207 146 245 100 119
1002.2401123046875 285.1200256347656 53.5680046081543 246.88177490234375
73 91 107 95 98 148 237 117 108 200 94 230 56 231 182 117 102 60 55 204 193 152 182 77 102 43 226 128 15 178 115 249
1458.43212890625 312.7680358886719 53.5680046081543 21.136837005615234
92 166 194 97 147 42 81 17 51 173 175 189 67 71 202 92 51 148 237 176 58 213 201 6 218 199 165 215 162 134 198 83
1406.5921630859375 471.7440490722656 53.5680046081543 138.13449096679688
219 213 107 74 179 214 191 245 60 77 255 247 89 255 190 97 118 191 191 165 251 177 61 215 115 237 166 196 111 214 229 123
1406.5921630859375 312.7680358886719 53.5680046081543 69.1861572265625
145 125 58 220 114 142 59 118 252 12 102 96 60 146 161 117 166 57 22 72 226 157 32 111 240 160 42 130 64 0 35 173
1525.8240966796875 335.2320251464844 53.5680046081543 289.02728271484375
86 126 226 151 38 34 187 18 185 142 215 183 44 201 211 79 102 101 237 135 160 213 133 234 84 54 250 131 175 245 61 95
1515.4561767578125 463.1040344238281 53.5680046081543 213.90249633789062
193 235 38 85 36 158 173 55 236 232 150 80 178 0 212 39 160 36 124 29 225 237 165 76 109 26 247 208 72 8 209 45
991.8720703125 349.0560302734375 53.5680046081543 297.3854675292969
162 254 118 88 251 211 148 253 159 93 116 181 8 142 166 149 207 153 135 176 246 254 110 215 63 83 84 239 83 140 238 223
805.248046875 302.4000244140625 53.5680046081543 120.69222259521484
250 221 100 76 79 89 181 111 141 118 188 175 44 156 54 39 110 145 243 227 196 47 54 221 115 112 72 63 119 124 45 254
884.736083984375 300.6720275878906 53.5680046081543 85.81309509277344
14 154 46 123 179 223 187 241 156 76 86 231 253 221 179 173 183 59 151 21 181 185 36 188 74 95 46 195 222 140 61 251
805.248046875 290.30401611328125 53.5680046081543 249.37728881835938
7 155 233 95 98 208 175 188 46 93 92 230 184 230 182 116 102 91 51 206 211 24 174 245 70 41 234 200 29 163 229 253
763.7760620117188 290.30401611328125 53.5680046081543 279.05572509765625
91 22 170 116 83 84 127 115 177 206 198 167 104 255 183 244 244 253 181 165 173 155 180 202 243 111 174 139 175 228 46 127
1048.8961181640625 300.6720275878906 53.5680046081543 96.2245101928711
175 61 117 250 255 253 159 250 217 124 60 47 110 124 159 165 143 51 215 103 247 106 122 253 235 91 109 251 95 220 31 223
1003.9680786132812 300.6720275878906 53.5680046081543 113.15882873535156
26 177 50 136 223 223 177 239 143 93 220 175 12 156 38 4 174 153 211 81 214 43 48 213 59 80 14 255 119 14 159 223
433.72802734375 285.1200256347656 53.5680046081543 286.754638671875
194 57 178 158 253 244 185 66 169 204 94 37 172 254 103 94 230 127 191 213 129 203 178 234 83 52 154 139 130 101 37 223
1543.1041259765625 271.2960205078125 53.5680046081543 316.42425537109375
7 140 106 155 214 179 186 99 30 67 89 135 105 204 54 192 127 171 19 159 182 191 44 255 60 46 138 193 149 15 121 212
831.1680908203125 290.30401611328125 53.5680046081543 268.27984619140625
95 154 252 241 191 94 89 185 191 253 150 165 223 63 223 239 135 85 253 53 191 73 249 148 203 251 237 215 174 164 28 119
495.93603515625 585.7920532226562 53.5680046081543 8.64475154876709
233 197 99 234 116 143 106 244 221 97 210 94 89 152 184 241 122 236 31 253 249 191 28 255 254 253 174 64 61 139 112 168
1183.6800537109375 276.48004150390625 53.5680046081543 263.7750549316406
191 63 100 227 180 187 250 82 79 236 190 171 11 29 215 172 190 187 215 221 158 184 101 238 78 217 165 241 231 207 92 245
399.16802978515625 499.3920593261719 53.5680046081543 246.46316528320312
102 140 250 192 223 91 250 201 157 55 247 27 12 156 63 229 251 157 159 179 118 55 40 194 119 57 131 175 183 47 252 198
352.51202392578125 601.3440551757812 53.5680046081543 153.9898223876953
102 75 138 136 255 153 126 197 143 45 222 170 12 238 107 192 254 253 183 81 86 178 130 210 52 52 143 239 149 126 156 151
952.1281127929688 433.72802734375 53.5680046081543 10.60319995880127
42 157 48 250 221 213 211 255 79 77 124 15 172 253 110 164 216 59 151 85 210 42 122 247 255 221 142 235 146 14 221 255
466.56005859375 298.94403076171875 53.5680046081543 7.624387741088867
6 123 234 128 242 96 63 211 35 228 94 163 13 167 243 124 119 253 151 223 148 146 172 224 118 4 175 173 166 247 167 247
594.4320678710938 298.94403076171875 53.5680046081543 69.95352172851562
3 123 175 155 118 221 187 212 206 93 84 230 188 156 183 160 174 123 147 93 199 184 38 105 76 9 62 128 221 143 7 253
705.0240478515625 343.8720397949219 53.5680046081543 242.42674255371094
59 236 105 185 86 159 186 230 30 98 80 135 57 12 55 32 62 185 23 199 231 188 116 255 103 79 186 160 125 157 83 220
383.61602783203125 635.904052734375 53.5680046081543 121.99805450439453
7 13 66 195 213 29 238 225 13 176 90 74 69 170 253 229 105 206 31 255 82 27 132 224 30 88 142 236 183 207 217 132
1413.504150390625 473.4720458984375 53.5680046081543 139.99237060546875
155 222 127 63 163 222 125 183 253 94 86 245 255 30 147 127 167 115 253 69 229 204 55 239 231 243 126 130 62 180 167 255
475.2000427246094 293.7600402832031 53.5680046081543 257.5025329589844
47 147 105 91 122 213 153 216 14 93 117 228 184 214 238 244 95 24 151 220 135 2 126 117 78 29 171 236 30 142 40 245
433.72802734375 311.0400390625 53.5680046081543 72.4632797241211
61 108 234 225 118 255 123 214 87 225 126 130 59 157 247 40 126 248 23 253 139 178 53 174 111 205 133 0 231 223 112 248
844.9920654296875 298.94403076171875 53.5680046081543 98.71066284179688
59 146 38 57 21 223 145 115 85 110 214 55 74 61 54 165 205 48 159 37 172 189 49 158 235 95 209 211 119 12 124 223
1131.840087890625 288.5760192871094 53.5680046081543 264.7245178222656
25 146 47 157 59 215 145 120 134 92 212 231 248 214 170 228 92 24 190 237 143 129 115 157 193 99 234 202 27 12 45 241
1124.9281005859375 286.8480224609375 53.5680046081543 281.1159362792969
218 20 238 116 3 94 117 51 241 222 70 183 107 188 38 255 164 244 189 32 172 221 183 200 211 107 84 131 163 100 60 95
813.8880615234375 292.0320129394531 53.5680046081543 282.3052978515625
59 148 34 104 45 95 149 123 213 238 148 47 10 188 54 164 221 48 223 37 253 175 112 158 27 95 217 247 87 44 92 127
763.7760620117188 295.488037109375 53.5680046081543 39.96229934692383
114 243 232 35 246 9 188 85 11 237 24 239 47 12 214 0 174 175 149 21 214 56 196 136 126 69 60 243 109 14 219 219
430.27203369140625 646.2720336914062 53.5680046081543 83.3334732055664
102 140 115 203 207 233 105 98 13 55 73 146 141 131 104 117 107 158 19 144 16 30 228 246 21 32 218 99 183 139 117 228
412.9920349121094 646.2720336914062 53.5680046081543 100.0771255493164
197 194 67 203 228 13 236 209 79 122 91 114 145 138 249 108 127 140 62 27 195 52 143 240 20 184 250 228 188 155 81 173
497.6640625 554.6880493164062 53.5680046081543 348.6849060058594
198 135 19 139 198 41 174 205 30 59 91 251 76 238 120 64 127 139 47 243 82 51 141 241 180 0 175 172 20 90 181 129
459.6480407714844 635.904052734375 53.5680046081543 58.013614654541016
230 220 42 147 221 61 253 198 29 119 214 31 44 184 127 73 233 143 155 55 166 127 152 234 127 115 222 43 149 92 61 222
1051.3153076171875 284.083251953125 64.28160858154297 257.2738037109375
11 155 253 109 46 83 249 184 71 125 52 166 217 61 158 102 111 85 191 237 199 40 111 213 78 235 235 196 119 166 117 249
1501.28662109375 481.07525634765625 64.28160858154297 254.67678833007812
77 23 7 47 136 58 6 49 228 202 235 229 227 100 161 211 84 228 236 38 157 160 223 12 164 227 98 0 120 230 136 53
1287.705810546875 331.77606201171875 64.28160858154297 294.68463134765625
21 11 79 237 78 162 235 112 132 128 83 194 241 97 177 104 122 164 58 235 129 176 7 8 84 170 235 128 61 171 113 160
765.1585083007812 302.7456359863281 64.28160858154297 100.06134796142578
26 148 52 248 63 223 152 123 159 126 148 47 78 29 54 37 191 17 223 33 229 169 57 221 187 91 73 247 95 12 13 95
883.3536987304688 300.6720275878906 64.28160858154297 101.52864837646484
155 22 102 216 19 215 152 123 149 206 150 183 8 60 54 45 239 177 159 181 188 175 49 222 91 95 90 211 95 12 45 95
433.3824462890625 286.1568298339844 64.28160858154297 284.04217529296875
194 60 179 220 125 228 184 66 185 201 208 117 172 254 37 79 198 123 23 145 183 79 178 234 27 56 154 138 140 100 39 255
613.7857055664062 356.65924072265625 64.28160858154297 269.02777099609375
171 51 233 68 85 85 171 93 82 205 116 236 41 196 223 180 92 154 134 216 139 226 246 171 7 221 176 169 75 156 94 253
435.4560546875 311.0400390625 64.28160858154297 72.73066711425781
61 73 103 227 23 251 107 192 85 224 254 2 91 29 49 44 122 184 23 253 42 177 53 172 235 207 133 65 231 143 112 170
1526.1697998046875 335.9232482910156 64.28160858154297 333.9706726074219
195 211 105 71 178 26 173 191 120 121 86 246 213 36 158 37 55 79 52 237 243 252 165 231 44 58 126 196 77 148 131 125
1505.433837890625 479.0016784667969 64.28160858154297 208.37567138671875
20 43 28 168 154 139 49 105 134 148 48 171 149 199 35 1 38 49 74 116 80 33 7 28 216 192 37 253 112 169 133 131
707.0977172851562 344.2176513671875 64.28160858154297 242.62937927246094
59 201 107 111 70 223 239 228 68 34 248 131 57 12 53 32 58 139 19 205 206 185 52 189 119 79 154 1 117 30 115 202
891.6481323242188 344.2176513671875 64.28160858154297 270.2840576171875
151 9 115 232 182 171 222 67 221 2 210 242 15 29 181 36 190 177 95 111 252 165 4 222 178 222 10 146 119 189 161 5
1459.8145751953125 313.1136474609375 64.28160858154297 75.19830322265625
73 124 177 94 107 252 131 30 250 235 68 108 188 242 193 190 22 126 248 8 161 71 182 43 4 62 117 58 10 117 11 125
804.556884765625 290.3040466308594 64.28160858154297 251.99169921875
15 155 105 207 58 212 171 184 110 92 85 230 185 207 182 96 102 121 55 206 195 8 239 241 70 237 170 232 53 163 37 241
715.39208984375 298.59844970703125 64.28160858154297 81.34764862060547
43 179 107 75 118 213 185 88 206 92 117 230 185 221 190 160 94 25 151 205 135 162 54 221 70 89 42 200 95 142 127 253
1407.974609375 313.1136474609375 64.28160858154297 84.07069396972656
9 28 122 127 114 162 59 114 116 8 127 224 189 147 162 113 54 61 159 170 224 156 4 79 70 231 58 128 47 130 43 155
763.0848999023438 290.3040466308594 64.28160858154297 262.0843200683594
11 18 239 94 122 20 57 24 170 92 85 228 121 223 191 114 86 121 181 204 131 130 166 201 70 105 170 136 14 166 126 249
804.556884765625 302.7456359863281 64.28160858154297 114.11247253417969
242 148 43 204 75 85 157 103 133 110 188 191 40 188 54 33 237 179 223 161 253 47 48 223 51 94 154 191 85 12 38 127
1526.1697998046875 379.4688415527344 64.28160858154297 349.47357177734375
175 54 111 113 224 118 125 22 112 254 118 245 25 61 150 57 23 28 149 61 185 208 37 12 70 91 117 196 239 245 246 241
445.8240661621094 290.3040466308594 64.28160858154297 278.19329833984375
154 178 61 193 47 95 152 123 15 252 148 63 140 28 214 45 175 17 223 49 166 109 123 213 219 91 93 247 87 12 31 223
731.9808959960938 286.1568298339844 64.28160858154297 305.3033447265625
34 184 248 137 95 217 176 79 15 117 92 139 172 156 70 0 175 59 147 17 70 58 242 209 23 85 26 127 85 12 31 222
951.7825317382812 286.1568298339844 64.28160858154297 271.0755615234375
95 58 243 116 53 148 120 16 251 233 86 229 63 255 247 254 182 253 181 157 141 216 176 202 219 253 191 130 142 164 102 127
1001.5489501953125 286.1568298339844 64.28160858154297 251.10752868652344
9 25 239 79 38 150 251 112 236 72 87 230 249 223 182 224 102 61 151 206 193 152 54 233 70 109 170 128 111 166 107 249
1171.5841064453125 282.0096435546875 64.28160858154297 241.13442993164062
7 145 107 205 106 86 171 248 108 88 85 230 89 78 190 96 126 73 55 239 211 19 63 213 84 41 170 204 29 163 113 245
1503.3602294921875 317.2608337402344 64.28160858154297 320.89849853515625
69 133 39 65 153 119 131 43 100 249 171 8 82 116 188 244 81 6 106 60 17 179 121 28 57 14 5 84 210 106 225 116
1455.6673583984375 520.4736938476562 64.28160858154297 79.09898376464844
13 122 241 95 110 185 178 16 95 202 113 236 171 216 213 254 134 120 182 83 135 116 239 232 6 120 101 170 222 255 89 149
1132.185791015625 286.1568298339844 64.28160858154297 266.05230712890625
11 146 109 109 57 215 25 56 135 92 148 229 249 95 186 102 198 16 255 45 141 1 119 157 67 251 235 223 30 172 60 119
814.9249267578125 292.3776550292969 64.28160858154297 256.91510009765625
11 113 108 203 126 221 251 88 207 236 29 174 253 221 219 160 30 48 215 93 135 32 126 221 78 9 169 184 95 142 25 249
545.3568725585938 373.248046875 64.28160858154297 95.90841674804688
203 88 245 254 47 84 188 150 233 206 246 167 233 62 183 127 230 247 255 197 204 79 247 234 87 251 254 139 55 244 101 95
1148.7745361328125 367.0272521972656 64.28160858154297 84.86438751220703
111 82 225 108 233 84 93 25 83 126 245 255 91 127 223 254 223 157 183 174 205 86 255 210 87 127 247 175 183 246 230 117
605.4912719726562 302.7456359863281 64.28160858154297 62.39033508300781
75 217 109 205 78 86 107 54 108 96 78 134 57 39 182 116 102 164 59 204 209 152 53 253 119 41 162 192 63 163 113 124
1005.6961669921875 337.9968566894531 64.28160858154297 304.63037109375
1 153 155 253 212 164 233 211 22 9 74 82 180 179 112 96 249 59 51 137 19 184 18 51 205 164 190 64 152 104 177 170
1171.5841064453125 294.45123291015625 64.28160858154297 125.59034729003906
18 140 108 157 75 241 185 103 159 119 124 147 40 44 54 0 239 179 179 133 4 56 118 213 87 22 218 35 117 76 39 222
443.7504577636719 547.4304809570312 64.28160858154297 119.73754119873047
94 104 172 172 13 213 152 72 143 188 140 11 12 216 87 74 224 229 249 199 94 79 219 177 211 81 203 59 28 55 57 70
1246.2337646484375 505.9584655761719 64.28160858154297 304.2705078125
230 121 173 186 203 209 148 192 139 254 144 171 44 220 103 11 205 251 179 211 70 67 250 240 95 81 207 187 21 125 53 223
1140.4801025390625 298.59844970703125 64.28160858154297 107.45440673828125
210 16 187 220 231 116 188 79 185 222 210 119 44 190 103 107 237 215 181 129 165 75 178 192 19 50 222 143 141 116 39 223
870.912109375 373.248046875 64.28160858154297 87.19879150390625
127 84 245 105 238 126 221 27 107 123 125 231 91 127 223 123 255 157 181 183 141 114 127 208 95 255 247 230 255 246 214 247
1515.8017578125 340.0704345703125 64.28160858154297 230.6065216064453
97 93 112 68 108 11 228 39 201 226 56 236 51 56 149 51 10 230 84 33 229 42 212 78 54 56 100 56 77 248 210 156
638.6688842773438 288.2304382324219 64.28160858154297 250.058837890625
75 219 239 223 98 208 251 48 232 68 86 230 185 239 183 114 38 117 183 206 193 152 166 237 70 41 234 136 47 167 53 121
1125.9649658203125 288.2304382324219 64.28160858154297 299.10552978515625
90 136 234 21 67 112 248 7 233 199 238 151 40 46 86 94 97 247 233 133 28 222 245 195 23 119 210 3 231 100 109 94
783.8209228515625 340.0704345703125 64.28160858154297 265.5574951171875
242 196 64 238 13 9 76 172 69 34 202 10 99 73 56 85 120 128 63 170 104 54 89 151 179 250 208 16 53 154 208 8
951.7825317382812 431.3088684082031 64.28160858154297 346.8031311035156
43 254 104 203 245 217 235 223 95 109 124 166 168 157 190 164 223 26 151 157 147 56 108 247 46 93 190 234 223 142 216 253
1003.62255859375 300.6720275878906 64.28160858154297 111.4276123046875
178 181 51 136 95 215 184 111 143 108 152 175 12 158 38 4 236 153 215 177 198 43 48 223 59 84 138 239 87 12 39 223
821.1456909179688 373.248046875 64.28160858154297 100.49925231933594
202 90 254 222 105 212 61 180 233 94 246 229 232 223 167 127 198 243 255 194 236 71 246 235 199 123 250 139 6 181 37 127
1522.0225830078125 466.56005859375 64.28160858154297 332.81243896484375
135 62 237 33 114 50 171 154 60 200 82 228 221 78 151 107 55 77 31 253 165 212 37 78 14 111 171 132 172 245 35 245
1343.6929931640625 528.76806640625 64.28160858154297 311.1733093261719
38 59 3 136 221 131 138 99 215 1 216 70 128 200 48 132 216 106 19 209 158 171 64 253 56 20 138 106 157 9 240 133
993.2545166015625 348.3648376464844 64.28160858154297 314.13330078125
34 254 110 24 66 225 185 230 30 86 120 167 36 206 38 25 239 43 147 133 166 30 54 253 87 22 218 163 93 92 103 223
928.972900390625 294.45123291015625 64.28160858154297 226.86778259277344
115 211 89 170 122 145 90 252 9 73 121 239 103 70 174 208 118 137 20 230 207 2 78 119 178 228 32 238 60 147 10 29
709.1713256835938 841.8817138671875 64.28160858154297 90.15995788574219
43 191 56 101 123 253 153 115 31 109 93 173 62 156 222 164 158 59 149 21 151 56 112 159 79 93 57 243 78 142 30 247
383.6160583496094 636.5952758789062 64.28160858154297 118.54154205322266
55 4 79 194 212 1 232 232 141 180 211 10 84 202 125 99 123 136 31 253 52 179 44 204 28 12 143 101 165 42 113 132
765.1585083007812 296.52484130859375 64.28160858154297 137.79800415039062
163 15 126 28 109 189 180 103 205 86 110 189 174 40 182 15 142 35 162 5 244 185 54 205 6 26 80 19 87 204 205 204
707.0977172851562 819.0721435546875 64.28160858154297 193.23516845703125
136 154 94 57 47 219 177 91 238 21 55 48 143 209 34 143 7 49 234 17 6 165 35 149 70 243 114 87 82 140 13 195
283.6685485839844 549.9188232421875 77.137939453125 73.59362030029297
19 129 110 188 22 131 185 119 156 65 86 167 61 158 178 32 46 187 23 141 246 153 20 205 240 45 186 128 53 132 49 200
1298.9033203125 363.2947998046875 77.137939453125 41.924095153808594
21 157 106 169 214 227 187 240 20 69 91 167 209 108 50 64 126 43 23 245 159 152 28 127 236 13 171 196 189 139 49 211
895.79541015625 301.0867919921875 77.137939453125 84.41096496582031
10 0 254 109 35 146 120 16 169 80 118 161 25 159 182 118 246 61 189 204 128 209 164 193 67 249 194 131 39 164 111 243
803.7275390625 303.5751037597656 77.137939453125 96.95028686523438
35 144 117 248 110 135 216 59 93 73 240 251 190 93 148 41 222 177 55 165 141 234 70 221 139 90 250 218 93 136 32 31
714.1480102539062 298.5984802246094 77.137939453125 69.87965393066406
29 161 105 73 62 83 187 88 78 64 125 130 217 93 190 32 126 24 19 239 195 32 127 213 71 13 171 236 119 139 123 224
1122.2325439453125 296.1101379394531 77.137939453125 87.58106231689453
11 48 247 97 55 31 248 88 143 177 48 235 159 157 212 44 190 25 215 61 134 248 0 156 79 217 25 230 103 140 83 179
1408.389404296875 313.52838134765625 77.137939453125 102.54878997802734
31 87 87 119 35 182 94 52 53 10 115 212 127 110 169 249 182 255 188 230 237 148 21 108 162 235 122 128 107 211 169 17
1127.209228515625 288.64520263671875 77.137939453125 279.7193908691406
122 16 43 125 41 212 89 16 5 93 215 53 10 159 38 127 204 181 189 129 140 14 243 193 211 121 210 203 3 5 124 87
928.1435546875 301.0867919921875 77.137939453125 103.85492706298828
51 26 55 212 106 71 153 115 141 254 178 127 28 60 36 43 174 177 127 161 161 235 51 220 89 26 120 182 85 8 37 251
1286.4617919921875 330.9466247558594 77.137939453125 321.77978515625
17 68 215 229 22 14 107 150 52 33 202 66 215 35 152 96 114 68 60 252 57 156 21 46 225 174 162 68 172 179 224 40
1139.65087890625 296.1101379394531 77.137939453125 123.00337219238281
66 188 167 181 77 228 185 71 186 219 192 147 176 190 84 11 233 191 51 145 51 94 210 192 77 34 218 170 129 64 183 250
313.52838134765625 343.38824462890625 77.137939453125 136.0771484375
188 96 248 226 205 75 87 200 83 182 165 26 91 217 89 25 217 216 135 115 42 102 250 178 219 201 133 61 247 187 86 162
442.9210510253906 547.4305419921875 77.137939453125 113.9589614868164
114 104 184 174 44 193 83 204 130 174 144 43 38 219 67 66 193 161 253 193 78 79 202 177 211 197 187 187 20 10 62 75
1002.793212890625 298.5984802246094 77.137939453125 86.16902160644531
59 48 124 232 118 149 217 88 15 193 116 163 59 221 182 36 222 185 151 189 138 162 102 221 66 217 129 235 119 140 118 243
1000.3048706054688 286.1568603515625 77.137939453125 264.49786376953125
27 17 118 229 53 150 248 80 173 200 214 162 185 159 182 230 238 53 253 236 129 129 53 204 67 249 170 130 47 134 101 117
1520.3638916015625 465.3159484863281 77.137939453125 354.11895751953125
75 151 109 65 160 118 157 55 60 253 159 244 217 61 214 181 151 55 189 189 249 216 117 156 239 91 255 196 206 196 151 113
405.59625244140625 373.2480773925781 77.137939453125 76.51122283935547
45 153 121 201 230 147 123 248 79 112 118 162 89 31 182 244 127 157 183 238 215 154 125 245 94 255 131 228 55 175 224 228
955.51513671875 298.5984802246094 77.137939453125 88.18590545654297
26 50 116 97 39 159 248 88 207 253 52 171 30 157 182 44 174 25 215 53 134 177 32 221 195 217 121 247 87 140 71 247
639.4984130859375 288.64520263671875 77.137939453125 251.01144409179688
219 91 105 207 58 144 251 24 108 68 85 166 249 207 191 112 102 49 191 206 195 0 247 253 70 237 170 136 55 135 101 249
355.829833984375 343.38824462890625 77.137939453125 275.8145751953125
64 194 208 141 110 10 172 109 138 50 3 202 212 131 56 74 115 5 42 43 64 53 128 211 148 182 219 52 20 58 129 128
1047.5830078125 298.5984802246094 77.137939453125 67.1216812133789
29 225 104 97 54 91 203 248 71 112 151 130 91 77 218 32 62 132 95 255 203 49 61 213 219 73 129 116 103 139 112 112
843.5406494140625 298.5984802246094 77.137939453125 91.27446746826172
27 18 124 104 47 95 89 27 5 77 150 237 159 29 182 44 134 17 255 5 142 169 103 149 195 217 48 219 118 140 29 127
607.1502075195312 301.0867919921875 77.137939453125 73.26624298095703
89 9 108 111 23 210 251 16 224 64 79 130 185 31 151 118 102 60 249 204 128 144 245 201 71 233 138 1 39 167 123 224
592.2202758789062 301.0867919921875 77.137939453125 58.737327575683594
23 233 107 201 22 87 235 248 68 64 156 2 145 156 122 36 122 200 19 239 203 33 61 245 249 13 139 100 117 139 49 224
1037.629638671875 335.92327880859375 77.137939453125 243.0556182861328
60 131 18 168 157 71 84 237 22 61 193 11 79 249 40 192 217 152 139 50 94 43 25 157 251 199 199 117 50 10 188 2
793.7742919921875 370.759765625 77.137939453125 104.16329193115234
98 60 178 220 255 244 153 83 155 207 124 39 172 191 103 94 198 59 183 17 148 11 242 194 83 124 154 171 146 108 101 247
751.4728393554688 370.759765625 77.137939453125 82.806884765625
59 145 101 237 53 86 205 189 69 121 244 134 89 63 190 247 94 196 31 238 217 171 125 157 103 251 226 212 55 174 240 245
1147.1158447265625 365.7831115722656 77.137939453125 84.35708618164062
111 120 225 229 101 30 126 17 75 238 61 173 25 191 214 254 223 253 183 143 221 22 252 208 87 255 231 183 151 254 222 245
776.3560180664062 288.64520263671875 77.137939453125 251.69346618652344
29 96 105 65 62 95 235 88 70 224 149 130 217 77 219 32 62 144 95 255 195 37 125 204 79 77 175 180 103 139 81 240
761.4260864257812 288.64520263671875 77.137939453125 285.1869812011719
178 56 55 252 57 86 152 55 169 221 214 117 56 30 150 63 204 181 221 149 189 207 115 204 91 122 218 211 143 4 54 127
435.45611572265625 286.1568603515625 77.137939453125 284.11309814453125
194 48 177 220 124 36 152 75 155 27 80 113 188 254 36 107 199 25 23 17 163 79 194 209 21 56 250 186 148 8 33 171
761.4260864257812 301.0867919921875 77.137939453125 72.40135955810547
29 225 104 99 31 81 251 216 102 196 149 130 249 77 219 34 62 24 219 255 194 32 63 197 207 205 139 45 103 135 87 224
1171.9990234375 293.621826171875 77.137939453125 133.2439422607422
130 136 163 189 85 229 185 71 158 87 66 147 161 174 54 73 233 59 51 133 54 184 54 211 69 54 218 9 213 76 181 218
1099.837646484375 365.7831115722656 77.137939453125 89.930419921875
107 210 243 204 109 22 253 61 75 123 119 111 88 255 190 246 247 157 183 173 197 54 236 209 87 127 250 174 23 190 245 119
1341.204833984375 527.5239868164062 77.137939453125 307.2416687011719
162 91 2 152 212 135 154 118 156 8 208 103 164 136 53 192 200 40 23 209 247 171 82 157 184 20 142 202 29 8 120 157
706.6830444335938 343.38824462890625 77.137939453125 248.5220184326172
24 65 110 239 23 143 202 76 4 0 203 2 123 73 57 128 120 169 19 225 74 176 93 157 241 205 138 1 119 26 121 138
880.865478515625 301.0867919921875 77.137939453125 77.4103012084961
11 33 108 233 46 17 249 88 71 84 21 162 185 77 154 32 126 17 159 237 134 32 103 145 70 201 171 173 119 134 125 240
890.8187866210938 345.8765563964844 77.137939453125 283.9755859375
131 220 119 192 246 134 188 103 157 1 122 242 148 188 180 97 238 177 23 161 225 187 0 204 52 56 234 130 205 200 161 169
1261.5784912109375 330.9466247558594 77.137939453125 309.237060546875
141 149 147 249 180 142 35 159 94 9 82 116 151 243 160 96 215 90 28 56 51 184 81 14 236 164 39 196 152 136 129 161
646.96337890625 370.759765625 77.137939453125 97.04154205322266
99 210 185 223 121 252 184 222 203 73 124 101 188 254 110 116 222 59 183 129 135 16 242 193 71 125 186 171 158 222 5 223
950.5384521484375 420.52618408203125 77.137939453125 324.46484375
19 148 107 169 214 195 171 255 20 65 91 151 145 28 186 96 127 11 23 157 211 184 37 223 109 47 186 196 53 138 181 249
706.6830444335938 818.657470703125 77.137939453125 235.91802978515625
2 155 135 29 201 190 188 39 173 81 106 197 168 46 36 222 236 35 234 132 21 152 18 197 15 54 90 66 216 68 169 222
696.729736328125 370.759765625 77.137939453125 93.1988525390625
235 176 241 193 237 93 241 25 79 125 181 26 138 29 222 36 153 28 255 24 214 126 243 211 79 221 21 255 86 140 212 103
517.5706787109375 370.759765625 77.137939453125 97.368896484375
102 90 187 252 127 252 186 83 155 206 125 175 46 254 103 124 246 57 183 1 132 35 162 202 215 252 10 171 146 252 5 215
1334.7352294921875 549.4212036132812 92.5655288696289 54.360870361328125
139 209 43 171 52 133 235 88 28 73 81 3 184 216 60 96 248 9 23 223 131 178 28 245 101 57 170 200 29 15 49 243
976.4170532226562 298.5984802246094 92.5655288696289 202.03927612304688
150 94 103 21 6 155 172 240 188 246 210 231 105 76 181 143 46 101 251 231 225 245 37 204 32 106 203 134 103 189 21 253
952.5291748046875 298.5984802246094 92.5655288696289 291.148193359375
6 249 175 26 129 213 95 200 175 93 133 133 40 206 127 93 220 217 151 214 78 71 62 241 131 80 206 235 146 23 166 214
1098.8424072265625 334.4302978515625 92.5655288696289 258.38433837890625
116 11 3 160 213 141 96 224 69 164 226 74 2 136 101 88 232 168 34 208 24 186 16 220 157 132 129 107 161 11 116 14
1110.786376953125 295.61248779296875 92.5655288696289 291.78472900390625
134 249 126 90 139 217 151 201 207 84 53 165 79 204 111 29 182 81 206 82 198 101 62 241 115 89 69 95 215 159 173 87
435.95379638671875 286.654541015625 92.5655288696289 283.51495361328125
66 34 157 249 108 164 184 67 14 57 81 112 180 18 164 74 198 25 23 17 3 78 195 209 4 56 250 184 156 8 1 137
779.342041015625 289.6405334472656 92.5655288696289 231.96661376953125
179 108 107 132 84 70 203 224 113 226 212 10 19 28 177 33 120 236 16 239 233 247 52 46 177 8 138 4 101 179 114 236
1060.024658203125 292.62652587890625 92.5655288696289 260.874755859375
219 86 104 104 162 55 159 31 100 78 159 189 159 28 182 164 14 17 223 175 221 39 117 146 242 221 42 156 94 215 173 117
761.4261474609375 340.40228271484375 92.5655288696289 295.14385986328125
137 174 16 185 108 141 40 123 94 186 84 114 189 3 192 165 39 8 6 28 115 124 67 215 140 219 127 96 26 136 9 169
749.482177734375 370.2621154785156 92.5655288696289 86.14653778076172
59 145 117 237 45 30 216 56 205 112 182 34 91 61 180 231 238 148 191 237 200 185 53 221 195 249 195 214 55 174 80 102
603.1689453125 370.2621154785156 92.5655288696289 83.26583099365234
63 129 124 233 63 90 216 168 79 116 180 130 219 31 190 113 222 149 221 237 206 33 109 157 195 249 195 87 55 174 92 228
782.3280029296875 343.38824462890625 92.5655288696289 267.17987060546875
114 0 212 237 15 10 72 8 75 49 161 10 103 42 29 91 114 133 108 32 8 32 211 217 145 250 194 20 49 42 80 8
845.03369140625 340.40228271484375 92.5655288696289 265.0428466796875
114 137 65 154 77 8 96 233 73 20 227 79 66 2 44 81 248 129 34 195 92 58 219 213 149 162 218 126 17 10 112 6
358.31817626953125 343.38824462890625 92.5655288696289 353.5000915527344
208 216 62 180 34 4 21 177 180 30 134 179 247 87 34 83 101 213 109 230 104 77 11 45 241 227 239 148 32 176 36 123
1036.13671875 337.4162902832031 92.5655288696289 221.64218139648438
36 11 56 218 252 201 67 196 198 12 188 40 178 209 225 64 72 56 14 88 26 43 106 60 235 149 37 121 144 139 84 163
1164.5340576171875 364.2901611328125 92.5655288696289 86.65721893310547
123 145 121 232 102 93 121 121 15 124 244 175 95 223 254 112 126 153 183 133 222 58 230 209 223 221 233 238 55 142 116 243
1122.730224609375 295.61248779296875 92.5655288696289 264.1456298828125
237 94 105 66 225 116 63 247 48 79 189 244 25 23 135 253 77 210 151 174 249 158 112 226 119 223 182 128 139 215 230 249
1146.6181640625 364.2901611328125 92.5655288696289 94.41161346435547
11 48 178 245 117 222 248 82 235 253 54 45 140 158 246 191 166 61 223 53 164 249 160 192 15 89 11 183 142 44 95 223
713.650390625 298.5984802246094 92.5655288696289 358.67376708984375
42 143 225 207 213 181 174 255 95 5 88 198 40 172 180 164 220 26 147 141 146 186 116 251 47 28 158 170 215 206 248 252
1298.9034423828125 361.3041687011719 92.5655288696289 53.665645599365234
153 149 46 171 54 199 107 248 20 104 215 199 213 15 58 97 126 129 31 239 253 157 29 31 224 169 170 196 61 138 49 89
441.9257507324219 549.4212036132812 92.5655288696289 125.7489013671875
88 123 152 172 46 161 16 26 134 172 154 239 167 202 67 72 198 191 237 209 14 67 194 176 210 225 171 187 52 25 29 67
818.1598510742188 370.2621154785156 92.5655288696289 103.62498474121094
67 152 185 221 110 44 184 31 27 73 80 127 188 191 116 96 230 61 63 5 131 24 243 211 87 60 186 186 28 8 17 251
639.000732421875 289.6405334472656 92.5655288696289 248.48533630371094
217 68 104 237 18 48 219 24 116 66 197 146 249 79 155 96 118 152 29 175 235 4 245 159 215 233 170 136 55 161 119 96
462.82763671875 340.40228271484375 92.5655288696289 164.6267547607422
39 166 100 193 237 47 202 250 91 187 187 95 66 57 92 143 217 196 23 61 190 112 89 150 15 218 193 118 223 237 88 6
582.2670288085938 340.40228271484375 92.5655288696289 292.46673583984375
137 166 30 241 228 143 168 247 188 59 86 114 157 147 224 169 167 13 18 156 113 220 0 84 204 139 127 228 8 136 137 169
456.8556823730469 340.40228271484375 92.5655288696289 143.5361785888672
188 106 228 83 109 91 198 144 83 182 180 187 75 73 213 143 73 236 135 218 40 118 77 186 78 223 229 181 247 253 92 130
379.2200622558594 343.38824462890625 92.5655288696289 181.97157287597656
45 177 168 139 221 31 193 153 75 121 45 28 210 112 90 164 217 2 50 60 159 50 123 151 79 31 145 124 218 14 218 244
1218.28173828125 331.4443054199219 92.5655288696289 285.2950134277344
1 194 146 129 100 171 108 103 254 35 74 210 149 162 240 228 51 44 42 12 97 144 132 83 132 132 123 36 28 200 169 168
1409.384765625 313.5284118652344 92.5655288696289 111.82862854003906
83 21 195 36 147 22 108 59 57 66 234 196 29 102 21 244 182 133 60 172 237 145 49 206 176 254 158 2 171 116 41 60
1286.95947265625 331.4443054199219 92.5655288696289 33.265296936035156
86 22 149 182 171 96 25 3 175 255 139 179 204 247 73 75 199 119 253 147 56 69 203 226 153 242 255 155 128 99 37 115
540.4632568359375 370.2621154785156 92.5655288696289 89.48621368408203
115 128 241 236 100 12 120 41 95 49 242 171 75 191 188 116 254 149 63 165 140 58 129 209 215 254 218 246 23 172 80 6
313.5284118652344 343.38824462890625 92.5655288696289 99.17390441894531
189 253 241 70 189 95 199 233 88 234 189 26 115 120 221 166 217 210 84 106 249 103 124 174 59 223 229 62 223 251 210 164
707.6784057617188 839.0617065429688 92.5655288696289 89.07589721679688
31 254 122 122 243 213 191 213 31 77 93 181 61 221 183 164 159 59 151 85 183 184 40 191 107 221 44 235 222 159 191 255
403.1079406738281 343.38824462890625 92.5655288696289 0.8039379715919495
208 90 46 180 10 70 93 60 180 222 134 183 247 23 35 75 166 229 125 231 104 69 187 79 209 227 251 149 32 49 37 91
441.9257507324219 555.3931884765625 92.5655288696289 140.14028930664062
86 178 156 173 58 130 16 27 142 189 138 231 199 202 66 194 199 245 237 145 158 75 207 132 200 231 47 247 152 5 45 19
1077.9405517578125 815.173828125 92.5655288696289 242.33180236816406
67 155 239 31 226 24 47 177 173 89 87 228 252 102 190 118 38 103 126 207 209 152 47 109 4 58 234 128 12 166 161 117
358.31817626953125 343.9854736328125 111.0786361694336 108.77496337890625
126 255 116 132 175 83 151 254 73 238 156 171 78 124 239 183 191 87 221 99 236 99 173 158 58 85 37 191 55 254 255 207
412.06591796875 548.226806640625 111.0786361694336 73.85523986816406
115 171 172 165 12 15 72 35 130 189 142 15 131 44 86 66 200 196 105 29 156 88 241 128 203 235 221 53 128 172 92 90
440.7313537597656 551.8099975585938 111.0786361694336 141.3506317138672
81 59 12 161 24 140 24 19 142 225 130 205 151 142 66 194 196 37 233 21 159 9 211 20 200 245 139 112 8 12 25 26
781.1336669921875 343.9854736328125 111.0786361694336 207.06948852539062
33 233 113 203 93 221 71 191 71 192 108 74 178 17 241 116 88 170 18 88 207 42 119 63 47 28 4 56 114 138 84 236
1039.1226806640625 340.40228271484375 111.0786361694336 125.24403381347656
251 113 240 64 143 85 148 204 67 244 180 10 10 156 95 175 200 212 248 115 207 103 255 128 51 89 213 63 119 124 220 78
644.9727172851562 340.40228271484375 111.0786361694336 333.9765319824219
72 157 95 244 178 214 60 55 164 209 78 162 189 55 33 115 102 55 187 120 113 153 49 44 255 225 38 64 174 192 161 57
1064.2049560546875 290.23773193359375 111.0786361694336 303.2903137207031
134 80 175 186 108 225 177 200 190 83 81 177 212 222 41 11 235 17 51 19 51 71 26 113 85 50 250 206 148 49 55 243
1010.457275390625 838.4645385742188 111.0786361694336 83.15719604492188
15 177 125 115 53 223 249 184 95 121 22 172 223 93 158 165 151 17 223 124 243 112 61 189 79 219 117 230 246 142 69 117
1078.5377197265625 816.9654541015625 111.0786361694336 235.71310424804688
71 219 107 14 122 144 171 176 174 64 154 228 245 198 182 112 54 101 124 223 199 9 174 117 60 44 170 200 28 131 33 125
938.7936401367188 813.3822631835938 111.0786361694336 53.941104888916016
170 122 226 108 124 59 210 80 87 172 176 109 3 184 181 188 140 188 199 65 140 183 65 154 2 95 161 183 223 189 94 151
1085.7041015625 286.654541015625 111.0786361694336 270.53485107421875
246 105 113 234 236 160 94 132 45 1 251 251 15 27 212 40 206 155 87 223 218 178 193 226 178 248 138 202 101 211 240 13
738.1354370117188 290.23773193359375 111.0786361694336 308.1949768066406
134 244 59 186 122 237 179 200 190 83 65 245 148 221 104 9 191 25 147 115 51 103 26 117 93 0 27 110 220 9 55 179
379.8172912597656 343.9854736328125 111.0786361694336 74.56900024414062
15 223 229 87 246 212 189 183 59 127 86 246 104 126 206 239 39 95 183 222 247 216 47 225 46 62 127 194 175 245 241 125
845.6309204101562 340.40228271484375 111.0786361694336 205.56141662597656
32 227 185 73 124 93 87 223 71 45 124 40 50 61 233 32 92 26 2 72 194 58 100 49 119 156 52 59 114 154 212 237
1218.2818603515625 333.23590087890625 111.0786361694336 52.68091583251953
71 147 174 145 170 48 184 159 234 255 30 245 192 190 222 110 71 71 255 149 150 217 231 192 12 62 254 214 140 212 137 85
1286.3623046875 333.23590087890625 111.0786361694336 50.30619430541992
70 147 173 177 174 32 189 31 174 255 154 247 212 167 74 74 199 71 125 149 16 73 195 64 200 38 255 220 132 112 181 115
315.32000732421875 343.9854736328125 111.0786361694336 94.50177001953125
253 156 249 118 181 123 199 186 83 226 188 26 211 120 145 161 153 198 84 107 253 102 125 190 235 223 229 52 255 248 218 36
748.885009765625 369.0677185058594 111.0786361694336 59.70111846923828
189 108 106 232 20 215 75 112 85 196 230 2 51 217 51 96 120 168 27 250 104 167 52 158 243 205 129 17 119 169 116 96
1067.7882080078125 336.819091796875 111.0786361694336 195.04098510742188
41 245 113 73 87 93 83 255 71 105 108 42 50 148 238 116 88 154 2 56 151 56 109 151 111 29 16 127 114 138 212 239
437.148193359375 286.654541015625 111.0786361694336 345.5245666503906
216 215 63 190 22 194 21 37 164 4 210 167 103 87 42 65 98 179 173 225 104 137 3 253 240 163 238 131 52 18 181 123
834.88134765625 838.4645385742188 111.0786361694336 95.77894592285156
47 191 252 126 189 20 223 191 27 205 124 245 108 253 159 55 223 123 149 181 190 234 242 239 235 255 172 154 223 244 182 223
1193.1995849609375 340.40228271484375 111.0786361694336 121.63189697265625
190 115 116 136 203 85 30 204 203 244 132 175 76 204 127 159 247 209 203 243 198 67 190 240 59 81 77 63 55 127 174 215
1114.3695068359375 293.8209228515625 111.0786361694336 267.28570556640625
143 223 115 114 177 52 254 247 117 74 188 245 187 61 223 173 175 211 223 214 238 47 60 226 123 221 100 130 231 245 166 127
695.1372680664062 343.9854736328125 111.0786361694336 100.16983795166016
238 157 241 64 255 125 151 250 219 238 188 42 110 253 111 167 151 82 196 98 245 35 186 186 123 223 5 63 211 127 79 255
1178.8668212890625 300.9872741699219 111.0786361694336 234.3647918701172
79 147 229 129 166 42 173 151 62 243 22 247 221 47 222 206 55 87 187 189 145 216 149 194 76 46 255 196 175 212 145 113
1096.45361328125 336.819091796875 111.0786361694336 257.4812927246094
50 67 67 129 85 143 224 64 201 172 160 78 34 136 101 80 232 168 2 208 72 179 0 220 153 144 128 114 1 10 118 142
1332.943603515625 548.226806640625 111.0786361694336 31.61737823486328
39 77 97 136 244 135 239 222 5 64 88 199 25 205 49 4 120 137 23 255 203 178 68 255 52 28 142 236 61 159 112 240
759.6345825195312 297.4040832519531 111.0786361694336 305.2337646484375
198 88 175 154 205 68 181 204 174 92 0 9 20 222 127 90 225 81 123 211 6 71 186 113 89 16 223 239 145 17 119 114
1361.609130859375 756.0513916015625 111.0786361694336 199.0980224609375
150 223 110 190 170 208 159 252 156 214 145 247 109 236 191 75 111 115 189 231 245 71 46 255 248 67 239 159 61 247 181 93
601.9745483398438 369.0677185058594 111.0786361694336 81.43140411376953
250 64 124 224 15 219 89 96 205 164 190 10 75 15 55 96 106 181 127 233 76 181 53 220 211 249 131 85 119 174 84 70
1078.5377197265625 838.4645385742188 111.0786361694336 105.09664916992188
50 153 55 192 235 213 152 251 143 252 188 47 12 220 102 5 173 145 255 49 214 43 50 213 27 88 13 255 87 12 39 223
